1417392000.00 0 0 8.40972e-06 5.63148e-06
1417392060.00 0 0 2.32094e-06 5.50267e-06
1417392120.00 0 0 1.98244e-06 3.61309e-05
1417392180.00 0 2.12231e-06 6.92869e-06 -2.94737e-05
1417392240.00 0 0 -3.08e-06 -3.4188e-05
1417392300.00 0 0 -4.1643e-06 -2.21505e-05
1417392360.00 0 2.26375e-06 5.06118e-06 -4.12133e-06
1417392420.00 0 0 -4.65707e-06 -1.07083e-05
1417392480.00 0 0 2.15985e-06 -3.65426e-06
1417392540.00 0 0 -4.03494e-06 -6.08106e-06
1417392600.00 0 0 0 0
1417392660.00 0 0 0 0
1417392720.00 0 0 0 0
1417392780.00 0 2.88676e-06 0 0
1417392840.00 0 0 0 -5.62787e-06
1417392900.00 0 0 0 -5.19818e-06
1417392960.00 0 0 0 0
1417393020.00 0 3.64757e-06 0 0
1417393080.00 0 3.93515e-06 0 0
1417393140.00 0 0 0 -4.07312e-06
1417393200.00 0 4.71999e-06 0 -3.8897e-06
1417393260.00 0 0 0 -3.73325e-06
1417393320.00 0 0 0 0
1417393380.00 0 0 0 0
1417393440.00 0 8.3391e-06 0 0
1417393500.00 0 1.04453e-06 0 0
1417393560.00 0 7.01961e-06 0 0
1417393620.00 0 1.50622e-05 0 -3.19676e-06
1417393680.00 0 4.17498e-05 0 0
1417393740.00 0 -4.65522e-05 0 0
1417393800.00 0 -7.03705e-06 0 0
1417393860.00 0 -5.62725e-06 0 0
1417393920.00 0 -5.12623e-06 0 0
1417393980.00 0 -9.75619e-06 0 0
1417394040.00 0 0 0 0
1417394100.00 0 0 0 0
1417394160.00 0 -5.75576e-06 0 0
1417394220.00 0 0 0 0
1417394280.00 0 -4.56896e-06 0 3.35533e-06
1417394340.00 0 -4.15641e-06 0 0
1417394400.00 0 0 0 0
1417394460.00 0 -3.54351e-06 0 0
1417394520.00 0 0 -1.06754e-06 0
1417394580.00 0 0 1.15444e-06 0
1417394640.00 0 0 7.55753e-06 4.05457e-06
1417394700.00 0 0 5.5554e-06 0
1417394760.00 0 0 -4.65282e-06 0
1417394820.00 0 -2.55559e-06 8.79693e-06 0
1417394880.00 0 0 0 4.95275e-06
1417394940.00 0 0 -2.42219e-06 0
1417395000.00 0 0 5.98695e-06 0
1417395060.00 0 0 1.17749e-05 6.06866e-06
1417395120.00 0 0 -5.70972e-06 0
1417395180.00 0 -2.09783e-06 5.24769e-05 0
1417395240.00 0 0 4.57816e-05 0
1417395300.00 0 0 -6.02689e-05 0
1417395360.00 0 0 -1.38274e-05 -2.02749e-06
1417395420.00 0 0 -4.45613e-06 1.17639e-06
1417395480.00 0 -1.88243e-06 -1.31605e-05 0
1417395540.00 0 0 -1.04392e-05 -5.21912e-06
1417395600.00 0 0 6.49294e-06 2.29205e-06
1417395660.00 0 0 5.55062e-06 0
1417395720.00 0 0 -4.85092e-06 4.42478e-05
1417395780.00 0 0 0 0.000169402
1417395840.00 0 0 -7.76428e-06 -1.66072e-05
1417395900.00 0 0 -5.88887e-06 -1.92567e-05
1417395960.00 0 0 -3.24423e-06 -7.52483e-06
1417396020.00 0 0 0 -7.44297e-06
1417396080.00 0 0 0 -4.43925e-06
1417396140.00 0 0 0 -2.45788e-06
1417396200.00 0 0 0 -1.0514e-06
1417396260.00 0 0 0 0
1417396320.00 0 0 0 0
1417396380.00 0 0 0 0
1417396440.00 0 0 0 0
1417396500.00 0 0 0 0
1417396560.00 0 0 0 0
1417396620.00 0 0 0 -5.28164e-06
1417396680.00 0 0 0 0
1417396740.00 0 0 0 0
1417396800.00 0 0 0 -4.378e-06
1417396860.00 0 0 0 0
1417396920.00 0 0 0 0
1417396980.00 0 0 0 0
1417397040.00 0 0 0 0
1417397100.00 0 0 0 0
1417397160.00 0 0 0 0
1417397220.00 0 0 0 0
1417397280.00 0 0 0 0
1417397340.00 0 0 0 0
1417397400.00 0 0 0 -2.84329e-06
1417397460.00 0 0 0 0
1417397520.00 0 0 0 0
1417397580.00 0 0 0 0
1417397640.00 0 0 0 0
1417397700.00 0 0 0 0
1417397760.00 0 0 0 -2.38111e-06
1417397820.00 0 0 0 0
1417397880.00 0 0 0 0
1417397940.00 0 0 0 0
1417398000.00 0 0 0 0
1417398060.00 0 0 0 0
1417398120.00 0 0 0 0
1417398180.00 0 0 0 -2.02497e-06
1417398240.00 0 0 0 -1.98466e-06
1417398300.00 0 0 0 0
1417398360.00 0 0 0 0
1417398420.00 0 0 0 0
1417398480.00 0 0 0 0
1417398540.00 0 0 0 0
1417398600.00 0 0 0 0
1417398660.00 0 0 0 0
1417398720.00 0 0 0 0
1417398780.00 0 0 0 0
1417398840.00 0 0 0 0
1417398900.00 0 0 0 -1.65163e-06
1417398960.00 0 1.88924e-06 0 0
1417399020.00 0 0 0 -1.6072e-06
1417399080.00 0 0 0 0
1417399140.00 0 0 0 0
1417399200.00 0 0 0 0
1417399260.00 0 0 0 0
1417399320.00 0 2.03008e-06 0 0
1417399380.00 0 0 0 0
1417399440.00 0 0 0 0
1417399500.00 0 0 0 0
1417399560.00 0 0 0 0
1417399620.00 0 0 0 0
1417399680.00 0 0 0 0
1417399740.00 0 0 0 0
1417399800.00 0 0 0 0
1417399860.00 0 0 0 0
1417399920.00 0 2.36077e-06 0 0
1417399980.00 0 0 0 0
1417400040.00 0 0 0 0
1417400100.00 0 0 0 0
1417400160.00 0 0 -2.38408e-06 0
1417400220.00 0 2.59063e-06 0 0
1417400280.00 0 0 0 0
1417400340.00 0 2.69923e-06 0 0
1417400400.00 0 0 0 0
1417400460.00 0 0 0 0
1417400520.00 0 2.8844e-06 -2.32993e-06 0
1417400580.00 0 0 0 0
1417400640.00 0 0 0 -1.25757e-06
1417400700.00 0 0 0 0
1417400760.00 0 3.18326e-06 0 0
1417400820.00 0 0 0 0
1417400880.00 0 0 0 0
1417400940.00 0 0 0 0
1417401000.00 0 0 0 0
1417401060.00 0 0 0 0
1417401120.00 0 3.79158e-06 0 0
1417401180.00 0 0 0 0
1417401240.00 0 0 0 0
1417401300.00 0 4.20301e-06 0 0
1417401360.00 0 0 0 0
1417401420.00 0 0 0 0
1417401480.00 0 0 0 0
1417401540.00 0 0 0 0
1417401600.00 0 0 0 0
1417401660.00 0 0 0 0
1417401720.00 0 0 0 0
1417401780.00 0 0 0 0
1417401840.00 0 0 0 0
1417401900.00 0 0 0 0
1417401960.00 0 0 0 0
1417402020.00 0 0 0 0
1417402080.00 0 0 0 0
1417402140.00 0 0 0 0
1417402200.00 0 0 0 0
1417402260.00 0 -2.10047e-06 0 0
1417402320.00 0 6.96848e-06 0 0
1417402380.00 0 7.79504e-06 0 0
1417402440.00 0 5.89718e-06 0 0
1417402500.00 0 8.52152e-06 0 0
1417402560.00 0 1.00988e-05 0 0
1417402620.00 0 -7.43716e-06 0 0
1417402680.00 0 -6.41869e-06 0 -1.14933e-06
1417402740.00 0 4.55063e-06 0 0
1417402800.00 0 1.56409e-05 0 0
1417402860.00 0 0.000130664 0 0
1417402920.00 0 -7.68681e-05 0 0
1417402980.00 0 -3.38203e-05 0 0
1417403040.00 0 -4.17153e-06 0 0
1417403100.00 0 9.04814e-06 0 0
1417403160.00 0 -1.41733e-05 0 0
1417403220.00 0 -3.88319e-06 0 0
1417403280.00 0 1.64837e-06 0 0
1417403340.00 0 0 0 0
1417403400.00 0 1.26653e-06 0 0
1417403460.00 0 1.13532e-06 0 0
1417403520.00 0 -2.05782e-06 0 0
1417403580.00 0 0 0 0
1417403640.00 0 0 0 0
1417403700.00 0 0 2.4951e-06 0
1417403760.00 0 0 0 0
1417403820.00 0 0 0 0
1417403880.00 0 0 0 0
1417403940.00 0 0 0 0
1417404000.00 0 0 0 0
1417404060.00 0 -5.61249e-06 0 0
1417404120.00 0 0 0 0
1417404180.00 0 0 0 0
1417404240.00 0 0 0 0
1417404300.00 0 0 0 0
1417404360.00 0 0 0 0
1417404420.00 0 0 2.73283e-06 1.24946e-06
1417404480.00 0 0 0 0
1417404540.00 0 0 0 0
1417404600.00 0 0 0 0
1417404660.00 0 0 0 0
1417404720.00 0 -3.6603e-06 0 0
1417404780.00 0 -3.55197e-06 0 0
1417404840.00 0 0 0 0
1417404900.00 0 0 0 0
1417404960.00 0 -3.26638e-06 0 0
1417405020.00 0 -3.1825e-06 0 0
1417405080.00 0 0 0 0
1417405140.00 0 0 0 0
1417405200.00 0 0 0 0
1417405260.00 0 0 3.20901e-06 0
1417405320.00 0 0 0 0
1417405380.00 0 -2.77008e-06 0 0
1417405440.00 0 0 0 1.43598e-06
1417405500.00 0 0 0 1.452e-06
1417405560.00 0 0 0 0
1417405620.00 0 0 0 0
1417405680.00 0 0 0 1.50476e-06
1417405740.00 0 0 0 0
1417405800.00 0 0 0 0
1417405860.00 0 0 0 0
1417405920.00 0 0 0 1.58783e-06
1417405980.00 0 -2.31888e-06 0 0
1417406040.00 0 0 0 0
1417406100.00 0 -2.253e-06 0 0
1417406160.00 0 0 0 0
1417406220.00 0 0 0 0
1417406280.00 0 0 0 0
1417406340.00 0 0 0 0
1417406400.00 0 0 0 1.81435e-06
1417406460.00 0 0 0 0
1417406520.00 0 0 0 0
1417406580.00 0 0 0 1.92875e-06
1417406640.00 0 0 0 0
1417406700.00 0 0 0 0
1417406760.00 0 0 0 0
1417406820.00 0 0 5.84631e-06 2.1182e-06
1417406880.00 0 0 0 0
1417406940.00 0 0 0 2.23358e-06
1417407000.00 0 0 0 2.29772e-06
1417407060.00 0 0 0 0
1417407120.00 0 0 7.23579e-06 0
1417407180.00 0 0 0 0
1417407240.00 0 0 0 2.60956e-06
1417407300.00 0 0 0 0
1417407360.00 0 0 0 2.80903e-06
1417407420.00 0 0 0 2.92322e-06
1417407480.00 0 0 -3.10672e-06 0
1417407540.00 0 0 3.35525e-06 0
1417407600.00 0 0 4.866e-06 0
1417407660.00 0 0 6.67192e-06 3.51498e-06
1417407720.00 0 0 -2.95735e-06 0
1417407780.00 0 0 0 3.92852e-06
1417407840.00 0 0 -3.78315e-06 0
1417407900.00 0 0 6.60444e-06 0
1417407960.00 0 0 5.27065e-06 4.80171e-06
1417408020.00 0 1.88079e-06 3.28547e-06 0
1417408080.00 0 0 -8.73286e-06 5.66434e-06
1417408140.00 0 0 -1.95478e-05 0
1417408200.00 0 0 -2.57136e-05 0
1417408260.00 0 0 0.00172772 0
1417408320.00 0 0 -4.0678e-06 0
1417408380.00 0 0 1.33833e-05 -2.11251e-06
1417408440.00 0 0 4.44523e-06 -1.28305e-06
1417408500.00 0 0 6.66178e-06 4.90886e-06
1417408560.00 0 0 2.66588e-06 1.35701e-05
1417408620.00 0 0 2.2246e-06 -3.66851e-06
1417408680.00 0 0 -5.73263e-06 9.73899e-06
1417408740.00 0 0 5.03027e-06 1.18747e-05
1417408800.00 0 0 -4.48726e-06 8.42779e-06
1417408860.00 0 0 -5.40767e-06 -1.47471e-05
1417408920.00 0 2.29484e-06 1.23516e-06 -5.21069e-06
1417408980.00 0 0 -5.69398e-06 -4.03437e-06
1417409040.00 0 0 -4.23263e-06 -7.69138e-06
1417409100.00 0 0 0 -9.30354e-06
1417409160.00 0 0 0 0
1417409220.00 0 0 0 0
1417409280.00 0 2.82445e-06 0 0
1417409340.00 0 0 0 0
1417409400.00 0 0 -7.68994e-06 -5.38665e-06
1417409460.00 0 0 0 0
1417409520.00 0 0 0 0
1417409580.00 0 0 0 0
1417409640.00 0 4.1109e-06 0 0
1417409700.00 0 0 0 0
1417409760.00 0 4.99318e-06 0 0
1417409820.00 0 5.62408e-06 0 0
1417409880.00 0 0 0 0
1417409940.00 0 0 0 -3.43368e-06
1417410000.00 0 0 0 0
1417410060.00 0 2.41409e-06 0 0
1417410120.00 0 1.7183e-06 0 0
1417410180.00 0 8.99685e-06 0 0
1417410240.00 0 3.58166e-06 0 0
1417410300.00 0 -3.60946e-05 0 0
1417410360.00 0 -9.62256e-06 0 0
1417410420.00 0 -1.05455e-05 0 0
1417410480.00 0 -5.49595e-06 0 0
1417410540.00 0 0 0 0
1417410600.00 0 0 7.20051e-06 3.16854e-06
1417410660.00 0 0 0 0
1417410720.00 0 0 0 0
1417410780.00 0 0 0 0
1417410840.00 0 -4.33971e-06 0 0
1417410900.00 0 -3.97063e-06 8.96853e-06 0
1417410960.00 0 0 0 3.58067e-06
1417411020.00 0 0 2.03167e-06 0
1417411080.00 0 0 -3.27622e-06 0
1417411140.00 0 -3.01935e-06 4.7335e-06 0
1417411200.00 0 -2.86216e-06 6.47098e-06 0
1417411260.00 0 0 -1.43096e-06 0
1417411320.00 0 0 -4.80993e-06 0
1417411380.00 0 0 1.09585e-05 0
1417411440.00 0 0 -8.50322e-06 0
1417411500.00 0 0 7.64175e-06 0
1417411560.00 0 0 1.27324e-05 0
1417411620.00 0 -2.1826e-06 -4.25007e-06 6.31293e-06
1417411680.00 0 0 0 0
1417411740.00 0 0 5.21308e-06 0
1417411800.00 0 0 -0.000952555 0
1417411860.00 0 0 1.2164e-06 0
1417411920.00 0 0 -2.47555e-05 -2.17361e-06
1417411980.00 0 0 -1.66127e-05 2.55239e-06
1417412040.00 0 0 3.12754e-06 1.54744e-06
1417412100.00 0 0 -2.51017e-06 9.83748e-06
1417412160.00 0 0 -4.19595e-06 -2.70409e-06
1417412220.00 0 0 5.41028e-06 -4.32825e-06
1417412280.00 0 0 3.16521e-06 5.43006e-05
1417412340.00 0 0 -1.41099e-06 -7.2402e-05
1417412400.00 0 0 -7.64321e-06 -1.61325e-05
1417412460.00 0 0 1.16182e-06 3.07863e-06
1417412520.00 0 0 4.27442e-06 4.31555e-06
1417412580.00 0 0 0 -1.66187e-06
1417412640.00 0 -1.65021e-06 -9.22543e-06 2.70409e-06
1417412700.00 0 -1.63788e-06 0 -4.5609e-06
1417412760.00 0 0 0 0
1417412820.00 0 0 0 0
1417412880.00 0 0 0 0
1417412940.00 0 0 0 -7.03958e-06
1417413000.00 0 0 0 0
1417413060.00 0 0 0 0
1417413120.00 0 0 0 -5.49372e-06
1417413180.00 0 0 0 0
1417413240.00 0 0 0 0
1417413300.00 0 0 0 0
1417413360.00 0 0 0 0
1417413420.00 0 0 0 0
1417413480.00 0 0 0 -3.85425e-06
1417413540.00 0 0 0 0
1417413600.00 0 0 0 0
1417413660.00 0 0 0 0
1417413720.00 0 0 0 0
1417413780.00 0 0 0 0
1417413840.00 0 0 0 0
1417413900.00 0 0 0 -2.89958e-06
1417413960.00 0 0 0 0
1417414020.00 0 0 0 0
1417414080.00 0 0 0 0
1417414140.00 0 1.59561e-06 -3.74609e-06 0
1417414200.00 0 0 0 0
1417414260.00 0 0 0 0
1417414320.00 0 1.61568e-06 0 0
1417414380.00 0 0 0 0
1417414440.00 0 0 0 0
1417414500.00 0 0 0 -2.18985e-06
1417414560.00 0 0 0 0
1417414620.00 0 0 0 0
1417414680.00 0 0 0 0
1417414740.00 0 0 0 0
1417414800.00 0 0 0 0
1417414860.00 0 0 0 0
1417414920.00 0 0 0 0
1417414980.00 0 0 0 0
1417415040.00 0 0 0 0
1417415100.00 0 0 0 -1.79992e-06
1417415160.00 0 0 0 0
1417415220.00 0 0 -2.86821e-06 0
1417415280.00 0 0 0 0
1417415340.00 0 0 0 0
1417415400.00 0 0 0 0
1417415460.00 0 0 0 0
1417415520.00 0 0 0 -1.62085e-06
1417415580.00 0 0 0 0
1417415640.00 0 0 0 0
1417415700.00 0 0 0 0
1417415760.00 0 0 0 -1.54062e-06
1417415820.00 0 0 0 0
1417415880.00 0 0 0 0
1417415940.00 0 0 0 0
1417416000.00 0 0 0 0
1417416060.00 0 0 0 0
1417416120.00 0 0 0 0
1417416180.00 0 0 0 0
1417416240.00 0 0 0 -1.41465e-06
1417416300.00 0 2.24565e-06 0 0
1417416360.00 0 0 -2.45982e-06 0
1417416420.00 0 0 0 0
1417416480.00 0 0 0 0
1417416540.00 0 0 0 0
1417416600.00 0 0 0 0
1417416660.00 0 0 0 0
1417416720.00 0 0 0 0
1417416780.00 0 0 0 0
1417416840.00 0 0 0 0
1417416900.00 0 0 0 0
1417416960.00 0 2.75847e-06 0 0
1417417020.00 0 0 0 -1.27823e-06
1417417080.00 0 0 0 0
1417417140.00 0 2.95417e-06 0 0
1417417200.00 0 0 0 0
1417417260.00 0 0 0 0
1417417320.00 0 0 0 0
1417417380.00 0 0 0 0
1417417440.00 0 0 0 0
1417417500.00 0 0 0 0
1417417560.00 0 0 0 0
1417417620.00 0 0 0 0
1417417680.00 0 0 0 0
1417417740.00 0 0 0 0
1417417800.00 0 0 0 0
1417417860.00 0 0 0 0
1417417920.00 0 0 0 0
1417417980.00 0 4.54161e-06 0 0
1417418040.00 0 4.7301e-06 0 0
1417418100.00 0 0 0 0
1417418160.00 0 0 0 0
1417418220.00 0 0 2.26128e-06 0
1417418280.00 0 0 0 0
1417418340.00 0 0 0 0
1417418400.00 0 0 0 0
1417418460.00 0 0 0 -1.16185e-06
1417418520.00 0 0 0 0
1417418580.00 0 0 0 0
1417418640.00 0 0 0 0
1417418700.00 0 8.85567e-06 0 0
1417418760.00 0 9.63141e-06 0 0
1417418820.00 0 -3.16743e-06 0 0
1417418880.00 0 5.84201e-06 0 0
1417418940.00 0 6.54065e-06 0 0
1417419000.00 0 4.45831e-06 0 0
1417419060.00 0 5.16138e-06 0 0
1417419120.00 0 2.04298e-06 0 0
1417419180.00 0 2.51484e-06 0 0
1417419240.00 0 -6.54172e-06 0 0
1417419300.00 0 -1.40338e-05 0 0
1417419360.00 0 2.46346e-05 0 0
1417419420.00 0 1.00806e-05 0 0
1417419480.00 0 -4.97912e-05 2.3444e-06 0
1417419540.00 0 -3.88929e-05 0 0
1417419600.00 0 -1.21822e-05 0 0
1417419660.00 0 5.91349e-06 0 0
1417419720.00 0 -1.39506e-05 0 0
1417419780.00 0 1.91604e-06 0 0
1417419840.00 0 -3.25929e-06 0 0
1417419900.00 0 4.25381e-06 0 0
1417419960.00 0 2.51023e-06 0 0
1417420020.00 0 2.25202e-06 0 0
1417420080.00 0 0 0 0
1417420140.00 0 -9.34326e-06 0 0
1417420200.00 0 0 0 0
1417420260.00 0 0 0 0
1417420320.00 0 0 0 0
1417420380.00 0 0 0 0
1417420440.00 0 -6.56987e-06 0 0
1417420500.00 0 0 0 0
1417420560.00 0 -5.87907e-06 0 0
1417420620.00 0 0 0 0
1417420680.00 0 0 0 0
1417420740.00 0 0 0 0
1417420800.00 0 0 0 1.23274e-06
1417420860.00 0 -4.66851e-06 0 0
1417420920.00 0 0 0 0
1417420980.00 0 0 0 0
1417421040.00 0 0 0 0
1417421100.00 0 0 0 0
1417421160.00 0 -3.88762e-06 0 0
1417421220.00 0 0 0 0
1417421280.00 0 0 0 1.29561e-06
1417421340.00 0 0 0 0
1417421400.00 0 0 0 0
1417421460.00 0 0 0 0
1417421520.00 0 0 0 0
1417421580.00 0 -3.17373e-06 0 1.34811e-06
1417421640.00 0 0 0 0
1417421700.00 0 0 0 0
1417421760.00 0 0 0 0
1417421820.00 0 0 0 1.39936e-06
1417421880.00 0 0 0 0
1417421940.00 0 0 0 0
1417422000.00 0 0 0 0
1417422060.00 0 -2.65449e-06 0 0
1417422120.00 0 0 0 0
1417422180.00 0 0 0 0
1417422240.00 0 0 0 0
1417422300.00 0 0 0 0
1417422360.00 0 0 0 0
1417422420.00 0 0 0 1.57697e-06
1417422480.00 0 0 0 0
1417422540.00 0 0 0 0
1417422600.00 0 0 0 0
1417422660.00 0 0 0 0
1417422720.00 0 0 0 0
1417422780.00 0 0 0 0
1417422840.00 0 0 0 1.7647e-06
1417422900.00 0 0 0 0
1417422960.00 0 0 0 1.83266e-06
1417423020.00 0 0 0 0
1417423080.00 0 0 0 1.90894e-06
1417423140.00 0 0 0 1.95064e-06
1417423200.00 0 0 0 0
1417423260.00 0 -2.00872e-06 0 0
1417423320.00 0 0 0 0
1417423380.00 0 0 0 0
1417423440.00 0 0 0 2.20431e-06
1417423500.00 0 -1.94624e-06 0 2.26628e-06
1417423560.00 0 0 0 0
1417423620.00 0 0 0 2.40481e-06
1417423680.00 0 0 0 0
1417423740.00 0 0 0 0
1417423800.00 0 0 8.08564e-06 0
1417423860.00 0 0 0 0
1417423920.00 0 -1.87846e-06 0 0
1417423980.00 0 0 0 2.98752e-06
1417424040.00 0 0 6.28364e-06 0
1417424100.00 0 0 -1.13268e-06 0
1417424160.00 0 0 4.93638e-06 0
1417424220.00 0 0 5.42579e-06 3.61432e-06
1417424280.00 0 0 0 3.8214e-06
1417424340.00 0 0 -3.39242e-06 0
1417424400.00 0 0 5.82468e-06 4.32634e-06
1417424460.00 0 0 9.08781e-06 0
1417424520.00 0 0 -2.74055e-06 0
1417424580.00 0 0 -3.45626e-06 0
1417424640.00 0 0 4.6834e-06 0
1417424700.00 0 1.91019e-06 -2.18166e-05 6.58887e-06
1417424760.00 0 0 6.84262e-05 0
1417424820.00 0 0 -0.00011471 8.40626e-06
1417424880.00 0 0 -3.51648e-05 9.76925e-06
1417424940.00 0 1.97815e-06 -2.99258e-05 -2.335e-06
1417425000.00 0 0 -1.64629e-05 7.26238e-06
1417425060.00 0 0 -6.27806e-06 5.77367e-06
1417425120.00 0 0 7.61866e-06 -2.85657e-06
1417425180.00 0 0 -4.26949e-06 -5.55278e-06
1417425240.00 0 0 -9.21727e-06 0.00016616
1417425300.00 0 0 6.49667e-06 6.23597e-06
1417425360.00 0 0 -2.90706e-06 0
1417425420.00 0 2.27053e-06 3.95174e-06 -1.4007e-05
1417425480.00 0 0 -3.61864e-06 -4.48887e-06
1417425540.00 0 0 2.22854e-06 -1.19663e-06
1417425600.00 0 0 1.03716e-06 -9.98552e-06
1417425660.00 0 0 0 0
1417425720.00 0 0 0 0
1417425780.00 0 0 0 0
1417425840.00 0 0 0 0
1417425900.00 0 0 -7.90876e-06 0
1417425960.00 0 3.22313e-06 0 0
1417426020.00 0 0 0 0
1417426080.00 0 0 0 0
1417426140.00 0 0 0 -4.26557e-06
1417426200.00 0 0 0 0
1417426260.00 0 0 0 0
1417426320.00 0 0 0 0
1417426380.00 0 0 0 0
1417426440.00 0 0 0 0
1417426500.00 0 0 0 0
1417426560.00 0 4.27757e-06 0 0
1417426620.00 0 2.89998e-06 0 0
1417426680.00 0 2.26337e-06 0 -3.1931e-06
1417426740.00 0 5.19642e-06 0 -3.15538e-06
1417426800.00 0 -8.50399e-05 0 0
1417426860.00 0 -3.25182e-06 0 0
1417426920.00 0 -1.43779e-05 0 0
1417426980.00 0 1.24452e-06 0 0
1417427040.00 0 0 0 0
1417427100.00 0 -7.75567e-06 0 0
1417427160.00 0 0 0 0
1417427220.00 0 -5.68246e-06 0 0
1417427280.00 0 0 0 3.29526e-06
1417427340.00 0 -4.52384e-06 0 0
1417427400.00 0 -4.11957e-06 0 0
1417427460.00 0 -3.79026e-06 9.16582e-06 0
1417427520.00 0 0 0 0
1417427580.00 0 -3.28821e-06 3.12738e-06 0
1417427640.00 0 0 2.24679e-06 0
1417427700.00 0 -2.92588e-06 4.88269e-06 4.07095e-06
1417427760.00 0 0 1.33928e-06 0
1417427820.00 0 0 -1.48648e-06 0
1417427880.00 0 -2.54287e-06 -6.69344e-06 0
1417427940.00 0 0 -1.91766e-06 0
1417428000.00 0 0 8.99867e-06 0
1417428060.00 0 -2.27897e-06 1.36288e-05 0
1417428120.00 0 0 1.38552e-05 0
1417428180.00 0 -2.1461e-06 -4.75896e-06 0
1417428240.00 0 0 -1.52335e-05 7.25195e-06
1417428300.00 0 0 -3.2511e-05 0
1417428360.00 0 0 4.48263e-05 0
1417428420.00 0 0 2.83554e-05 7.15783e-06
1417428480.00 0 0 1.08278e-05 2.37561e-06
1417428540.00 0 0 1.13882e-05 7.0925e-06
1417428600.00 0 0 -8.77501e-06 5.28774e-06
1417428660.00 0 0 -9.52358e-06 9.31966e-06
1417428720.00 0 0 -6.027e-06 3.44045e-06
1417428780.00 0 -1.76251e-06 1.73889e-06 4.6089e-05
1417428840.00 0 0 -7.66977e-06 0.000431766
1417428900.00 0 0 0 -1.58793e-05
1417428960.00 0 0 -7.46287e-06 7.55373e-06
1417429020.00 0 0 1.13746e-06 -1.73534e-05
1417429080.00 0 0 2.09712e-06 5.53792e-06
1417429140.00 0 0 -9.7317e-06 -7.35651e-06
1417429200.00 0 0 0 -4.89488e-06
1417429260.00 0 0 0 -3.14409e-06
1417429320.00 0 0 0 -9.16952e-06
1417429380.00 0 0 0 -8.15441e-06
1417429440.00 0 -1.60075e-06 0 0
1417429500.00 0 0 -6.86804e-06 0
1417429560.00 0 0 0 0
1417429620.00 0 0 0 -5.67582e-06
1417429680.00 0 0 0 -5.28083e-06
1417429740.00 0 -1.57199e-06 -5.79257e-06 -4.93949e-06
1417429800.00 0 0 0 0
1417429860.00 0 0 0 0
1417429920.00 0 0 0 0
1417429980.00 0 0 0 0
1417430040.00 0 0 0 0
1417430100.00 0 0 0 0
1417430160.00 0 0 0 0
1417430220.00 0 0 -4.48879e-06 0
1417430280.00 0 0 0 -3.16857e-06
1417430340.00 0 0 0 -3.05235e-06
1417430400.00 0 1.57171e-06 0 0
1417430460.00 0 0 0 0
1417430520.00 0 0 0 0
1417430580.00 0 0 0 -2.67031e-06
1417430640.00 0 0 0 0
1417430700.00 0 0 0 0
1417430760.00 0 0 0 0
1417430820.00 0 0 0 0
1417430880.00 0 0 0 0
1417430940.00 0 0 0 -2.26709e-06
1417431000.00 0 0 0 0
1417431060.00 0 1.64166e-06 0 0
1417431120.00 0 0 0 0
1417431180.00 0 0 0 0
1417431240.00 0 0 0 0
1417431300.00 0 0 -3.16467e-06 -1.98765e-06
1417431360.00 0 0 0 0
1417431420.00 0 0 0 0
1417431480.00 0 0 0 0
1417431540.00 0 0 0 0
1417431600.00 0 0 -2.96633e-06 0
1417431660.00 0 0 0 0
1417431720.00 0 0 0 0
1417431780.00 0 0 0 0
1417431840.00 0 0 0 0
1417431900.00 0 0 0 0
1417431960.00 0 0 -2.77928e-06 0
1417432020.00 0 0 -2.75249e-06 0
1417432080.00 0 0 0 0
1417432140.00 0 0 0 0
1417432200.00 0 0 0 -1.56887e-06
1417432260.00 0 0 0 0
1417432320.00 0 0 0 0
1417432380.00 0 0 0 0
1417432440.00 0 0 0 -1.4967e-06
1417432500.00 0 2.06342e-06 0 0
1417432560.00 0 0 0 0
1417432620.00 0 0 -2.53799e-06 0
1417432680.00 0 0 0 0
1417432740.00 0 0 0 0
1417432800.00 0 0 0 0
1417432860.00 0 0 0 0
1417432920.00 0 0 0 0
1417432980.00 0 0 0 0
1417433040.00 0 0 0 0
1417433100.00 0 2.41437e-06 0 0
1417433160.00 0 0 0 0
1417433220.00 0 0 0 0
1417433280.00 0 0 0 0
1417433340.00 0 0 0 0
1417433400.00 0 0 0 0
1417433460.00 0 0 -2.35785e-06 0
1417433520.00 0 0 0 0
1417433580.00 0 0 -2.34075e-06 0
1417433640.00 0 0 0 0
1417433700.00 0 0 0 0
1417433760.00 0 0 0 0
1417433820.00 0 0 0 0
1417433880.00 0 0 0 0
1417433940.00 0 0 0 0
1417434000.00 0 0 0 0
1417434060.00 0 0 0 0
1417434120.00 0 0 0 0
1417434180.00 0 0 0 0
1417434240.00 0 0 0 0
1417434300.00 0 0 0 0
1417434360.00 0 4.1041e-06 0 0
1417434420.00 0 0 0 0
1417434480.00 0 0 0 0
1417434540.00 0 0 0 0
1417434600.00 0 0 0 0
1417434660.00 0 0 0 0
1417434720.00 0 0 0 0
1417434780.00 0 5.49076e-06 0 0
1417434840.00 0 0 0 0
1417434900.00 0 0 0 0
1417434960.00 0 0 0 0
1417435020.00 0 0 0 0
1417435080.00 0 0 0 0
1417435140.00 0 0 0 0
1417435200.00 0 0 0 0
1417435260.00 0 0 0 0
1417435320.00 0 0 0 0
1417435380.00 0 6.53637e-06 0 0
1417435440.00 0 -3.62968e-06 0 0
1417435500.00 0 8.16349e-06 0 0
1417435560.00 0 -4.66345e-06 0 0
1417435620.00 0 -7.25268e-06 0 0
1417435680.00 0 -4.35114e-06 0 0
1417435740.00 0 -8.15883e-06 0 0
1417435800.00 0 -3.62726e-06 0 0
1417435860.00 0 -1.08915e-05 0 0
1417435920.00 0 -2.0756e-05 0 0
1417435980.00 0 -0.00810893 0 0
1417436040.00 0 -1.61865e-05 0 0
1417436100.00 0 -1.62373e-05 0 0
1417436160.00 0 -1.44498e-05 0 0
1417436220.00 0 8.13361e-06 0 0
1417436280.00 0 6.51056e-06 0 0
1417436340.00 0 3.61886e-06 0 0
1417436400.00 0 -1.55176e-06 0 0
1417436460.00 0 -2.71706e-06 0 0
1417436520.00 0 -3.62485e-06 0 0
1417436580.00 0 -6.52884e-06 0 0
1417436640.00 0 0 0 0
1417436700.00 0 0 0 0
1417436760.00 0 0 0 0
1417436820.00 0 0 0 0
1417436880.00 0 -7.28284e-06 0 0
1417436940.00 0 0 0 0
1417437000.00 0 0 0 0
1417437060.00 0 0 0 0
1417437120.00 0 0 0 0
1417437180.00 0 0 0 1.21861e-06
1417437240.00 0 0 0 1.2245e-06
1417437300.00 0 0 0 1.2307e-06
1417437360.00 0 0 0 0
1417437420.00 0 0 0 0
1417437480.00 0 0 0 0
1417437540.00 0 0 0 0
1417437600.00 0 0 0 0
1417437660.00 0 0 0 0
1417437720.00 0 0 0 1.2834e-06
1417437780.00 0 0 2.84545e-06 0
1417437840.00 0 0 0 0
1417437900.00 0 0 0 1.31167e-06
1417437960.00 0 0 0 1.32197e-06
1417438020.00 0 0 0 0
1417438080.00 0 0 0 0
1417438140.00 0 0 0 0
1417438200.00 0 0 0 0
1417438260.00 0 0 0 1.3809e-06
1417438320.00 0 -2.92686e-06 0 1.39433e-06
1417438380.00 0 0 0 0
1417438440.00 0 0 0 0
1417438500.00 0 0 0 0
1417438560.00 0 0 0 0
1417438620.00 0 0 0 0
1417438680.00 0 0 0 0
1417438740.00 0 0 0 0
1417438800.00 0 0 0 0
1417438860.00 0 0 0 0
1417438920.00 0 0 0 0
1417438980.00 0 -2.37373e-06 0 0
1417439040.00 0 0 0 1.61468e-06
1417439100.00 0 0 0 1.63947e-06
1417439160.00 0 -2.26979e-06 0 0
1417439220.00 0 0 0 0
1417439280.00 0 0 0 0
1417439340.00 0 -2.18057e-06 0 0
1417439400.00 0 0 0 1.78492e-06
1417439460.00 0 0 0 1.81909e-06
1417439520.00 0 0 0 1.85527e-06
1417439580.00 0 0 0 0
1417439640.00 0 0 0 0
1417439700.00 0 -2.03972e-06 0 1.97764e-06
1417439760.00 0 0 0 0
1417439820.00 0 0 0 0
1417439880.00 0 0 0 2.1254e-06
1417439940.00 0 0 0 0
1417440000.00 0 0 0 0
1417440060.00 0 0 0 0
1417440120.00 0 0 0 0
1417440180.00 0 0 7.01493e-06 0
1417440240.00 0 0 0 0
1417440300.00 0 0 0 0
1417440360.00 0 0 0 2.7184e-06
1417440420.00 0 0 0 0
1417440480.00 0 0 0 2.93959e-06
1417440540.00 0 0 9.92172e-06 0
1417440600.00 0 0 1.06834e-06 0
1417440660.00 0 0 5.78978e-06 3.36503e-06
1417440720.00 0 0 2.52979e-06 3.54049e-06
1417440780.00 0 0 5.57849e-06 3.73791e-06
1417440840.00 0 0 1.55523e-06 3.9616e-06
1417440900.00 0 0 -5.27732e-06 0
1417440960.00 0 0 1.01311e-05 4.51137e-06
1417441020.00 0 0 9.56503e-06 0
1417441080.00 0 0 -5.83942e-06 0
1417441140.00 0 0 -1.12562e-05 0
1417441200.00 0 0 3.15275e-05 0
1417441260.00 0 0 2.63366e-05 0
1417441320.00 0 0 3.74332e-05 0
1417441380.00 0 0 2.80971e-05 0
1417441440.00 0 0 -4.32339e-05 5.42505e-06
1417441500.00 0 0 -5.20752e-06 -1.32635e-06
1417441560.00 0 0 -3.72884e-06 1.1958e-05
1417441620.00 0 0 2.90698e-06 4.80677e-06
1417441680.00 0 0 -2.38453e-06 -4.06091e-06
1417441740.00 0 0 -4.04719e-06 5.38765e-05
1417441800.00 0 2.15308e-06 -1.05585e-05 1.38063e-05
1417441860.00 0 0 -6.23539e-06 -3.78415e-06
1417441920.00 0 0 4.20327e-06 -6.91356e-06
1417441980.00 0 0 -3.82282e-06 0
1417442040.00 0 0 -4.68154e-06 -9.0823e-06
1417442100.00 0 0 -3.252e-06 2.13408e-06
1417442160.00 0 0 -5.05658e-06 -9.07639e-06
1417442220.00 0 0 0 0
1417442280.00 0 0 0 0
1417442340.00 0 0 0 -6.32867e-06
1417442400.00 0 0 0 0
1417442460.00 0 3.14851e-06 0 0
1417442520.00 0 0 0 0
1417442580.00 0 0 0 -4.62391e-06
1417442640.00 0 0 0 0
1417442700.00 0 0 -6.82869e-06 0
1417442760.00 0 4.56999e-06 0 0
1417442820.00 0 5.07926e-06 0 0
1417442880.00 0 0 0 0
1417442940.00 0 0 0 0
1417443000.00 0 0 0 0
1417443060.00 0 0 0 0
1417443120.00 0 8.85628e-06 0 0
1417443180.00 0 3.68046e-06 0 0
1417443240.00 0 1.01854e-05 0 0
1417443300.00 0 6.49642e-05 0 0
1417443360.00 0 -2.43392e-05 0 0
1417443420.00 0 2.19858e-06 6.49688e-06 0
1417443480.00 0 -4.26888e-06 0 0
1417443540.00 0 0 0 0
1417443600.00 0 0 0 0
1417443660.00 0 -6.99188e-06 0 0
1417443720.00 0 0 0 3.21855e-06
1417443780.00 0 0 0 0
1417443840.00 0 0 0 0
1417443900.00 0 0 8.40047e-06 0
1417443960.00 0 0 0 0
1417444020.00 0 0 0 0
1417444080.00 0 0 0 0
1417444140.00 0 -3.16886e-06 3.20945e-06 0
1417444200.00 0 0 6.93401e-06 0
1417444260.00 0 0 2.51848e-06 4.17547e-06
1417444320.00 0 0 5.54431e-06 0
1417444380.00 0 -2.58587e-06 -4.63335e-06 0
1417444440.00 0 0 -3.49406e-06 0
1417444500.00 0 -2.39056e-06 2.01455e-06 0
1417444560.00 0 0 4.76633e-06 5.50346e-06
1417444620.00 0 -2.23554e-06 2.92218e-06 0
1417444680.00 0 0 -7.5663e-06 0
1417444740.00 0 -2.11049e-06 -1.61204e-05 6.96748e-06
1417444800.00 0 0 1.85805e-05 7.66889e-06
1417444860.00 0 0 0.000213425 0
1417444920.00 0 0 -5.84913e-05 9.64385e-06
1417444980.00 0 0 -3.12134e-05 2.2183e-06
1417445040.00 0 0 0 2.61332e-06
1417445100.00 0 0 1.0533e-05 -3.1834e-06
1417445160.00 0 0 0 1.22294e-05
1417445220.00 0 0 2.27071e-06 2.83672e-06
1417445280.00 0 0 0 2.33514e-05
1417445340.00 0 0 -5.04702e-06 8.47233e-05
1417445400.00 0 0 -5.96374e-06 -0.000104596
1417445460.00 0 -1.70583e-06 -5.35827e-06 -2.47905e-05
1417445520.00 0 -1.68796e-06 3.65075e-06 -2.94005e-06
1417445580.00 0 0 1.11559e-06 0
1417445640.00 0 0 -1.03049e-06 -1.13605e-05
1417445700.00 0 0 0 -1.32693e-06
1417445760.00 0 0 -8.95664e-06 0
1417445820.00 0 0 0 -9.73729e-06
1417445880.00 0 0 0 0
1417445940.00 0 0 0 -7.70481e-06
1417446000.00 0 0 0 0
1417446060.00 0 0 -6.80587e-06 0
1417446120.00 0 0 0 0
1417446180.00 0 0 -6.22983e-06 0
1417446240.00 0 0 0 -5.09765e-06
1417446300.00 0 0 0 0
1417446360.00 0 0 0 -4.5026e-06
1417446420.00 0 0 0 0
1417446480.00 0 0 0 0
1417446540.00 0 0 0 -3.84278e-06
1417446600.00 0 1.55794e-06 0 0
1417446660.00 0 0 0 0
1417446720.00 0 0 0 -3.36251e-06
1417446780.00 0 0 0 0
1417446840.00 0 0 0 0
1417446900.00 0 0 -4.25049e-06 0
1417446960.00 0 0 0 -2.89551e-06
1417447020.00 0 0 0 0
1417447080.00 0 0 -3.96674e-06 0
1417447140.00 0 0 0 0
1417447200.00 0 0 0 -2.55481e-06
1417447260.00 0 0 0 0
1417447320.00 0 0 0 -2.41717e-06
1417447380.00 0 0 0 0
1417447440.00 0 0 0 0
1417447500.00 0 0 0 -2.24116e-06
1417447560.00 0 0 -3.40925e-06 0
1417447620.00 0 1.64038e-06 0 0
1417447680.00 0 0 0 0
1417447740.00 0 0 0 0
1417447800.00 0 0 0 -2.00889e-06
1417447860.00 0 0 0 0
1417447920.00 0 0 0 0
1417447980.00 0 0 0 0
1417448040.00 0 0 0 0
1417448100.00 0 1.73548e-06 0 0
1417448160.00 0 0 0 0
1417448220.00 0 0 0 0
1417448280.00 0 0 0 0
1417448340.00 0 0 0 0
1417448400.00 0 0 0 0
1417448460.00 0 0 0 0
1417448520.00 0 0 0 0
1417448580.00 0 0 0 0
1417448640.00 0 0 0 0
1417448700.00 0 0 0 0
1417448760.00 0 0 0 0
1417448820.00 0 0 0 0
1417448880.00 0 1.98577e-06 0 0
1417448940.00 0 0 0 0
1417449000.00 0 0 0 0
1417449060.00 0 0 0 0
1417449120.00 0 0 0 -1.45843e-06
1417449180.00 0 0 0 0
1417449240.00 0 2.15587e-06 0 0
1417449300.00 0 0 0 -1.41588e-06
1417449360.00 0 0 0 0
1417449420.00 0 0 0 0
1417449480.00 0 0 0 0
1417449540.00 0 0 0 0
1417449600.00 0 0 0 -1.35515e-06
1417449660.00 0 0 0 0
1417449720.00 0 0 0 -1.33398e-06
1417449780.00 0 0 0 0
1417449840.00 0 2.55952e-06 0 -1.31439e-06
1417449900.00 0 0 0 0
1417449960.00 0 0 0 0
1417450020.00 0 0 0 0
1417450080.00 0 0 0 0
1417450140.00 0 0 0 -1.27168e-06
1417450200.00 0 0 0 0
1417450260.00 0 2.98302e-06 0 0
1417450320.00 0 0 0 0
1417450380.00 0 0 0 0
1417450440.00 0 0 0 0
1417450500.00 0 0 0 0
1417450560.00 0 0 0 0
1417450620.00 0 0 0 0
1417450680.00 0 0 0 0
1417450740.00 0 0 0 0
1417450800.00 0 0 0 0
1417450860.00 0 0 0 0
1417450920.00 0 0 0 0
1417450980.00 0 0 0 0
1417451040.00 0 0 0 0
1417451100.00 0 0 0 0
1417451160.00 0 0 0 0
1417451220.00 0 0 0 0
1417451280.00 0 0 0 0
1417451340.00 0 0 0 0
1417451400.00 0 0 0 0
1417451460.00 0 0 0 0
1417451520.00 0 0 0 0
1417451580.00 0 0 0 0
1417451640.00 0 7.35218e-06 0 0
1417451700.00 0 7.87693e-06 0 0
1417451760.00 0 0 0 0
1417451820.00 0 0 0 0
1417451880.00 0 3.01054e-06 0 0
1417451940.00 0 2.2096e-06 0 -1.15302e-06
1417452000.00 0 1.22906e-06 0 0
1417452060.00 0 6.9253e-06 0 0
1417452120.00 0 1.58675e-06 0 0
1417452180.00 0 1.85753e-06 0 0
1417452240.00 0 6.72058e-06 0 0
1417452300.00 0 -2.82207e-06 2.30753e-06 0
1417452360.00 0 2.28781e-05 0 0
1417452420.00 0 -1.17571e-05 0 0
1417452480.00 0 -1.28304e-05 0 0
1417452540.00 0 -0.000273876 0 0
1417452600.00 0 2.81875e-05 0 0
1417452660.00 0 -1.0071e-05 0 1.15754e-06
1417452720.00 0 -1.37589e-05 0 0
1417452780.00 0 -1.5674e-05 0 0
1417452840.00 0 -4.21212e-06 0 0
1417452900.00 0 -1.05867e-05 0 0
1417452960.00 0 0 0 0
1417453020.00 0 2.66556e-06 0 0
1417453080.00 0 -4.75121e-06 0 0
1417453140.00 0 2.14286e-06 0 0
1417453200.00 0 -9.76e-06 0 0
1417453260.00 0 0 0 0
1417453320.00 0 0 0 0
1417453380.00 0 0 0 0
1417453440.00 0 0 0 1.19625e-06
1417453500.00 0 0 0 0
1417453560.00 0 -6.37897e-06 0 0
1417453620.00 0 0 0 0
1417453680.00 0 0 0 0
1417453740.00 0 0 0 0
1417453800.00 0 -5.19759e-06 0 0
1417453860.00 0 0 0 0
1417453920.00 0 0 0 0
1417453980.00 0 0 0 0
1417454040.00 0 0 0 0
1417454100.00 0 -4.23614e-06 0 0
1417454160.00 0 0 0 0
1417454220.00 0 0 0 0
1417454280.00 0 0 0 0
1417454340.00 0 0 0 0
1417454400.00 0 0 0 0
1417454460.00 0 0 0 0
1417454520.00 0 0 0 0
1417454580.00 0 0 0 0
1417454640.00 0 0 0 0
1417454700.00 0 -3.13102e-06 0 0
1417454760.00 0 0 0 0
1417454820.00 0 0 0 1.38819e-06
1417454880.00 0 0 0 0
1417454940.00 0 0 0 0
1417455000.00 0 0 0 0
1417455060.00 0 0 0 0
1417455120.00 0 -2.67849e-06 0 0
1417455180.00 0 0 0 0
1417455240.00 0 0 3.4735e-06 0
1417455300.00 0 0 0 0
1417455360.00 0 0 0 0
1417455420.00 0 0 0 1.5586e-06
1417455480.00 0 0 0 0
1417455540.00 0 0 0 0
1417455600.00 0 0 0 0
1417455660.00 0 0 0 0
1417455720.00 0 0 0 0
1417455780.00 0 0 0 0
1417455840.00 0 0 0 1.73796e-06
1417455900.00 0 0 0 0
1417455960.00 0 0 0 0
1417456020.00 0 0 0 0
1417456080.00 0 0 0 0
1417456140.00 0 0 0 0
1417456200.00 0 0 0 0
1417456260.00 0 0 0 0
1417456320.00 0 0 0 0
1417456380.00 0 0 0 0
1417456440.00 0 -1.98414e-06 0 0
1417456500.00 0 0 0 0
1417456560.00 0 0 0 0
1417456620.00 0 0 0 0
1417456680.00 0 0 0 2.41511e-06
1417456740.00 0 0 0 2.49362e-06
1417456800.00 0 0 0 0
1417456860.00 0 0 0 0
1417456920.00 0 0 8.25212e-06 0
1417456980.00 0 0 0 0
1417457040.00 0 0 0 0
1417457100.00 0 0 0 0
1417457160.00 0 0 2.15948e-06 3.28827e-06
1417457220.00 0 0 -1.17207e-06 0
1417457280.00 0 0 3.84778e-06 0
1417457340.00 0 0 -5.66893e-06 0
1417457400.00 0 0 -4.75413e-06 0
1417457460.00 0 0 -1.79859e-06 0
1417457520.00 0 0 6.24324e-06 0
1417457580.00 0 0 -9.88509e-06 5.05802e-06
1417457640.00 0 0 3.0446e-06 0
1417457700.00 0 0 1.98444e-05 0
1417457760.00 0 0 0 6.68878e-06
1417457820.00 0 0 3.66077e-05 7.511e-06
1417457880.00 0 0 0.000229508 0
1417457940.00 0 0 3.77223e-05 9.9984e-06
1417458000.00 0 0 7.54034e-06 0
1417458060.00 0 0 -2.38766e-05 0
1417458120.00 0 0 -2.09827e-05 2.01829e-06
1417458180.00 0 0 -5.52288e-06 2.14876e-05
1417458240.00 0 0 -6.85213e-06 0
1417458300.00 0 2.13543e-06 3.8994e-06 -0.000271924
1417458360.00 0 0 -8.51484e-06 -3.24289e-05
1417458420.00 0 0 1.51373e-06 -2.81658e-06
1417458480.00 0 0 -5.45747e-06 -9.53362e-06
1417458540.00 0 0 0 -7.21532e-06
1417458600.00 0 0 -3.43399e-06 0
1417458660.00 0 0 3.18613e-06 -9.74839e-06
1417458720.00 0 0 0 -8.40802e-06
1417458780.00 0 0 0 -7.40543e-06
1417458840.00 0 2.78671e-06 0 0
1417458900.00 0 0 0 0
1417458960.00 0 0 0 0
1417459020.00 0 0 0 0
1417459080.00 0 0 0 0
1417459140.00 0 0 0 0
1417459200.00 0 0 -6.95231e-06 -4.23151e-06
1417459260.00 0 0 0 0
1417459320.00 0 0 0 0
1417459380.00 0 0 0 0
1417459440.00 0 0 0 0
1417459500.00 0 0 0 0
1417459560.00 0 0 0 0
1417459620.00 0 0 0 0
1417459680.00 0 4.56329e-06 0 0
1417459740.00 0 1.7104e-05 0 0
1417459800.00 0 6.26331e-06 0 0
1417459860.00 0 -5.41436e-05 0 0
1417459920.00 0 -2.93781e-06 0 0
1417459980.00 0 -3.39461e-06 0 0
1417460040.00 0 -8.3727e-06 0 0
1417460100.00 0 0 0 0
1417460160.00 0 0 0 3.1615e-06
1417460220.00 0 -6.4177e-06 0 0
1417460280.00 0 0 0 0
1417460340.00 0 0 0 0
1417460400.00 0 0 0 0
1417460460.00 0 0 0 0
1417460520.00 0 -3.74974e-06 0 3.55319e-06
1417460580.00 0 0 0 3.66286e-06
1417460640.00 0 -3.25893e-06 -3.0572e-06 0
1417460700.00 0 -3.06791e-06 4.37867e-06 0
1417460760.00 0 0 7.10993e-06 0
1417460820.00 0 0 -2.58859e-06 0
1417460880.00 0 -2.6365e-06 0 0
1417460940.00 0 0 6.38937e-06 0
1417461000.00 0 0 -5.44376e-06 0
1417461060.00 0 0 -4.20805e-06 0
1417461120.00 0 0 5.01555e-06 5.71458e-06
1417461180.00 0 0 9.32633e-06 0
1417461240.00 0 0 -4.09601e-06 6.68717e-06
1417461300.00 0 0 0 0
1417461360.00 0 0 3.62565e-05 0
1417461420.00 0 0 -0.000178042 0
1417461480.00 0 0 -3.52734e-05 2.07247e-06
1417461540.00 0 0 -1.36874e-05 4.82311e-06
1417461600.00 0 -1.86718e-06 4.46329e-06 4.33025e-06
1417461660.00 0 0 -1.9884e-05 1.25992e-05
1417461720.00 0 0 2.63727e-06 -4.78641e-06
1417461780.00 0 0 0 7.14924e-06
1417461840.00 0 0 3.7527e-06 2.12149e-05
1417461900.00 0 0 -9.84914e-06 -0.000894915
1417461960.00 0 -1.71239e-06 -1.45994e-06 -1.47601e-05
1417462020.00 0 0 -7.89266e-06 -7.30327e-06
1417462080.00 0 0 -5.98881e-06 2.42718e-06
1417462140.00 0 0 3.30033e-06 -9.09339e-06
1417462200.00 0 0 -5.08916e-06 2.90977e-06
1417462260.00 0 0 0 0
1417462320.00 0 -1.62227e-06 -8.8691e-06 -4.16285e-06
1417462380.00 0 0 0 0
1417462440.00 0 0 -7.87519e-06 0
1417462500.00 0 0 0 0
1417462560.00 0 0 0 0
1417462620.00 0 0 0 0
1417462680.00 0 0 -6.4696e-06 0
1417462740.00 0 0 0 0
1417462800.00 0 0 0 0
1417462860.00 0 0 -5.73201e-06 0
1417462920.00 0 0 0 0
1417462980.00 0 0 0 0
1417463040.00 0 0 0 -3.93795e-06
1417463100.00 0 0 0 0
1417463160.00 0 0 0 0
1417463220.00 0 0 0 0
1417463280.00 0 0 0 0
1417463340.00 0 0 0 0
1417463400.00 0 0 0 0
1417463460.00 0 0 -4.24535e-06 0
1417463520.00 0 0 0 0
1417463580.00 0 0 0 0
1417463640.00 0 0 -3.96376e-06 0
1417463700.00 0 0 0 0
1417463760.00 0 0 -3.80183e-06 0
1417463820.00 0 0 0 0
1417463880.00 0 0 0 0
1417463940.00 0 1.6057e-06 -3.59024e-06 0
1417464000.00 0 0 0 0
1417464060.00 0 0 0 0
1417464120.00 0 0 -3.40949e-06 0
1417464180.00 0 0 0 0
1417464240.00 0 0 0 -2.07299e-06
1417464300.00 0 0 0 0
1417464360.00 0 0 0 0
1417464420.00 0 0 0 0
1417464480.00 0 0 0 0
1417464540.00 0 0 0 -1.88089e-06
1417464600.00 0 0 0 0
1417464660.00 0 0 0 0
1417464720.00 0 0 0 0
1417464780.00 0 0 -2.93071e-06 0
1417464840.00 0 0 0 0
1417464900.00 0 0 0 0
1417464960.00 0 0 0 0
1417465020.00 0 0 0 0
1417465080.00 0 0 0 0
1417465140.00 0 0 0 0
1417465200.00 0 0 0 0
1417465260.00 0 0 0 0
1417465320.00 0 0 0 0
1417465380.00 0 0 0 0
1417465440.00 0 0 0 0
1417465500.00 0 0 0 0
1417465560.00 0 0 -2.59399e-06 0
1417465620.00 0 0 0 0
1417465680.00 0 0 0 0
1417465740.00 0 0 -2.53888e-06 -1.43744e-06
1417465800.00 0 0 0 0
1417465860.00 0 2.19388e-06 0 0
1417465920.00 0 0 -2.4903e-06 -1.3973e-06
1417465980.00 0 0 0 0
1417466040.00 0 0 0 0
1417466100.00 0 0 0 0
1417466160.00 0 0 0 0
1417466220.00 0 2.42601e-06 0 0
1417466280.00 0 0 0 0
1417466340.00 0 0 0 0
1417466400.00 0 2.56834e-06 -2.38812e-06 0
1417466460.00 0 0 0 0
1417466520.00 0 2.67537e-06 0 -1.29281e-06
1417466580.00 0 0 0 0
1417466640.00 0 0 0 0
1417466700.00 0 0 0 0
1417466760.00 0 0 0 0
1417466820.00 0 0 0 0
1417466880.00 0 0 0 0
1417466940.00 0 3.15176e-06 0 -1.24081e-06
1417467000.00 0 0 0 0
1417467060.00 0 0 0 0
1417467120.00 0 0 0 0
1417467180.00 0 0 0 0
1417467240.00 0 0 0 0
1417467300.00 0 0 0 0
1417467360.00 0 0 0 0
1417467420.00 0 0 0 0
1417467480.00 0 0 0 0
1417467540.00 0 0 0 -1.18967e-06
1417467600.00 0 0 0 0
1417467660.00 0 0 0 0
1417467720.00 0 0 0 0
1417467780.00 0 0 0 0
1417467840.00 0 0 0 0
1417467900.00 0 0 0 0
1417467960.00 0 0 0 0
1417468020.00 0 0 0 0
1417468080.00 0 0 0 0
1417468140.00 0 6.98729e-06 0 0
1417468200.00 0 0 0 0
1417468260.00 0 0 0 0
1417468320.00 0 0 0 0
1417468380.00 0 0 0 0
1417468440.00 0 2.04836e-06 0 0
1417468500.00 0 2.26017e-06 0 0
1417468560.00 0 0 0 0
1417468620.00 0 0 0 0
1417468680.00 0 -3.28106e-06 0 0
1417468740.00 0 -3.86429e-06 0 0
1417468800.00 0 1.17514e-05 0 0
1417468860.00 0 1.50006e-05 0 0
1417468920.00 0 4.14766e-06 0 0
1417468980.00 0 -1.34372e-05 0 0
1417469040.00 0 3.53607e-05 0 0
1417469100.00 0 -0.000162329 0 0
1417469160.00 0 -3.12451e-05 0 0
1417469220.00 0 -4.53947e-06 0 0
1417469280.00 0 -3.1998e-06 0 0
1417469340.00 0 -1.48262e-05 0 0
1417469400.00 0 -4.02576e-06 0 0
1417469460.00 0 -1.69831e-06 0 0
1417469520.00 0 4.40697e-06 0 0
1417469580.00 0 -2.5889e-06 2.41488e-06 0
1417469640.00 0 0 0 0
1417469700.00 0 -2.09273e-06 0 0
1417469760.00 0 0 0 0
1417469820.00 0 0 0 0
1417469880.00 0 0 0 0
1417469940.00 0 0 0 0
1417470000.00 0 0 2.51178e-06 0
1417470060.00 0 0 0 0
1417470120.00 0 0 0 0
1417470180.00 0 0 0 0
1417470240.00 0 0 0 0
1417470300.00 0 0 0 1.22617e-06
1417470360.00 0 0 0 0
1417470420.00 0 -4.91425e-06 0 0
1417470480.00 0 -4.71105e-06 0 0
1417470540.00 0 0 0 0
1417470600.00 0 0 0 0
1417470660.00 0 0 0 0
1417470720.00 0 0 0 0
1417470780.00 0 -3.91452e-06 0 0
1417470840.00 0 0 0 0
1417470900.00 0 -3.6715e-06 0 0
1417470960.00 0 0 0 0
1417471020.00 0 0 0 0
1417471080.00 0 0 0 0
1417471140.00 0 0 0 1.34599e-06
1417471200.00 0 0 0 0
1417471260.00 0 0 0 0
1417471320.00 0 -3.0348e-06 3.08913e-06 0
1417471380.00 0 0 0 0
1417471440.00 0 0 0 0
1417471500.00 0 0 3.21901e-06 0
1417471560.00 0 0 0 0
1417471620.00 0 0 3.31619e-06 0
1417471680.00 0 0 0 0
1417471740.00 0 0 0 0
1417471800.00 0 0 0 0
1417471860.00 0 0 0 0
1417471920.00 0 0 0 0
1417471980.00 0 0 0 0
1417472040.00 0 0 0 1.59413e-06
1417472100.00 0 0 0 1.61782e-06
1417472160.00 0 0 3.89677e-06 0
1417472220.00 0 0 0 1.66896e-06
1417472280.00 0 0 0 0
1417472340.00 0 0 0 0
1417472400.00 0 0 0 0
1417472460.00 0 0 0 0
1417472520.00 0 0 0 0
1417472580.00 0 0 0 0
1417472640.00 0 0 0 0
1417472700.00 0 0 0 0
1417472760.00 0 0 0 0
1417472820.00 0 0 5.18487e-06 0
1417472880.00 0 0 0 0
1417472940.00 0 0 0 0
1417473000.00 0 0 0 0
1417473060.00 0 0 0 0
1417473120.00 0 0 0 0
1417473180.00 0 0 0 2.38489e-06
1417473240.00 0 0 0 0
1417473300.00 0 0 0 0
1417473360.00 0 -1.90708e-06 0 0
1417473420.00 0 0 0 2.73026e-06
1417473480.00 0 0 0 0
1417473540.00 0 0 0 0
1417473600.00 0 0 0 0
1417473660.00 0 0 -4.07357e-06 3.22589e-06
1417473720.00 0 0 3.29993e-06 0
1417473780.00 0 0 -3.58993e-06 0
1417473840.00 0 0 3.93871e-06 0
1417473900.00 0 0 -1.45535e-06 0
1417473960.00 0 0 3.2676e-06 0
1417474020.00 0 0 9.3188e-06 4.55061e-06
1417474080.00 0 0 -8.68451e-06 0
1417474140.00 0 0 5.20481e-06 0
1417474200.00 0 0 6.50216e-06 0
1417474260.00 0 0 0 6.40874e-06
1417474320.00 0 0 -1.95478e-05 0
1417474380.00 0 0 -4.99015e-05 0
1417474440.00 0 0 -0.00295161 0
1417474500.00 0 0 8.90132e-06 -1.11135e-06
1417474560.00 0 0 -3.20636e-05 6.83237e-06
1417474620.00 0 0 -1.7163e-05 -3.55284e-06
1417474680.00 0 0 0 -2.5422e-06
1417474740.00 0 0 5.17719e-06 -4.47868e-06
1417474800.00 0 0 -2.16361e-06 -2.83554e-05
1417474860.00 0 2.16094e-06 -5.58243e-06 -3.4031e-05
1417474920.00 0 2.2064e-06 -6.53819e-06 3.47464e-06
1417474980.00 0 0 -2.91886e-06 2.18541e-06
1417475040.00 0 0 -2.64044e-06 -4.78797e-06
1417475100.00 0 0 3.62161e-06 2.5175e-06
1417475160.00 0 0 -4.45578e-06 -3.1224e-06
1417475220.00 0 2.53632e-06 2.07187e-06 0
1417475280.00 0 2.63087e-06 0 0
1417475340.00 0 0 0 0
1417475400.00 0 0 0 0
1417475460.00 0 3.00625e-06 0 -5.69856e-06
1417475520.00 0 0 0 0
1417475580.00 0 0 0 0
1417475640.00 0 3.60026e-06 0 0
1417475700.00 0 3.87791e-06 0 0
1417475760.00 0 0 0 0
1417475820.00 0 0 0 -3.91463e-06
1417475880.00 0 0 0 0
1417475940.00 0 5.84177e-06 0 0
1417476000.00 0 0 0 0
1417476060.00 0 0 0 0
1417476120.00 0 0 0 0
1417476180.00 0 1.32216e-06 0 0
1417476240.00 0 5.89484e-06 0 -3.20559e-06
1417476300.00 0 3.46514e-05 6.27593e-06 0
1417476360.00 0 0.000830561 0 0
1417476420.00 0 -2.07857e-05 0 0
1417476480.00 0 -4.08213e-06 0 0
1417476540.00 0 -4.06647e-06 0 0
1417476600.00 0 -8.13678e-06 0 0
1417476660.00 0 -8.15934e-06 0 0
1417476720.00 0 -6.82925e-06 0 0
1417476780.00 0 0 0 0
1417476840.00 0 0 7.61342e-06 0
1417476900.00 0 0 0 0
1417476960.00 0 0 0 0
1417477020.00 0 -3.86946e-06 0 3.51601e-06
1417477080.00 0 0 0 0
1417477140.00 0 0 0 0
1417477200.00 0 0 5.23791e-06 0
1417477260.00 0 0 -4.51289e-06 0
1417477320.00 0 -2.81448e-06 3.67471e-06 0
1417477380.00 0 0 0 0
1417477440.00 0 0 2.97588e-06 0
1417477500.00 0 -2.46602e-06 3.34387e-06 0
1417477560.00 0 0 7.64541e-06 0
1417477620.00 0 0 1.11739e-05 0
1417477680.00 0 -2.22292e-06 -8.08429e-06 0
1417477740.00 0 0 3.39893e-06 0
1417477800.00 0 -2.09955e-06 9.21914e-06 0
1417477860.00 0 0 2.86944e-05 0
1417477920.00 0 0 2.59361e-05 8.67784e-06
1417477980.00 0 0 0.000118086 0
1417478040.00 0 0 -5.9676e-05 7.92608e-06
1417478100.00 0 0 -2.33236e-05 8.03116e-06
1417478160.00 0 0 -4.01623e-06 9.83155e-06
1417478220.00 0 0 -3.06523e-06 4.22931e-06
1417478280.00 0 0 -4.96044e-06 1.79062e-05
1417478340.00 0 0 -2.08425e-06 -5.07692e-06
