1417392000 -4.94508E+03, -3.56727E+02, -5.32717E+02,  1.59736E+03
1417392060 -4.87377E+03, -4.30859E+02, -3.63458E+02,  1.51716E+03
1417392120 -4.79610E+03, -5.04429E+02, -1.93733E+02,  1.43734E+03
1417392180 -4.71183E+03, -5.77306E+02, -2.37507E+01,  1.35803E+03
1417392240 -4.62078E+03, -6.49352E+02,  1.46255E+02,  1.27937E+03
1417392300 -4.52271E+03, -7.20413E+02,  3.16027E+02,  1.20152E+03
1417392360 -4.41743E+03, -7.90326E+02,  4.85282E+02,  1.12464E+03
1417392420 -4.30475E+03, -8.58914E+02,  6.53707E+02,  1.04891E+03
1417392480 -4.18447E+03, -9.25988E+02,  8.20963E+02,  9.74525E+02
1417392540 -4.05643E+03, -9.91344E+02,  9.86676E+02,  9.01695E+02
1417392600 -3.92048E+03, -1.05477E+03,  1.15044E+03,  8.30642E+02
1417392660 -3.77650E+03, -1.11603E+03,  1.31183E+03,  7.61604E+02
1417392720 -3.62438E+03, -1.17489E+03,  1.47037E+03,  6.94833E+02
1417392780 -3.46408E+03, -1.23110E+03,  1.62556E+03,  6.30594E+02
1417392840 -3.29559E+03, -1.28439E+03,  1.77688E+03,  5.69164E+02
1417392900 -3.11893E+03, -1.33451E+03,  1.92376E+03,  5.10831E+02
1417392960 -2.93420E+03, -1.38117E+03,  2.06562E+03,  4.55887E+02
1417393020 -2.74154E+03, -1.42410E+03,  2.20188E+03,  4.04632E+02
1417393080 -2.54119E+03, -1.46304E+03,  2.33192E+03,  3.57363E+02
1417393140 -2.33344E+03, -1.49771E+03,  2.45513E+03,  3.14373E+02
1417393200 -2.11864E+03, -1.52787E+03,  2.57090E+03,  2.75945E+02
1417393260 -1.89726E+03, -1.55329E+03,  2.67864E+03,  2.42344E+02
1417393320 -1.66981E+03, -1.57374E+03,  2.77778E+03,  2.13815E+02
1417393380 -1.43689E+03, -1.58905E+03,  2.86781E+03,  1.90573E+02
1417393440 -1.19916E+03, -1.59907E+03,  2.94824E+03,  1.72800E+02
1417393500 -9.57369E+02, -1.60367E+03,  3.01866E+03,  1.60638E+02
1417393560 -7.12285E+02, -1.60280E+03,  3.07873E+03,  1.54187E+02
1417393620 -4.64733E+02, -1.59642E+03,  3.12818E+03,  1.53499E+02
1417393680 -2.15561E+02, -1.58454E+03,  3.16682E+03,  1.58579E+02
1417393740  3.43716E+01, -1.56724E+03,  3.19459E+03,  1.69383E+02
1417393800  2.84212E+02, -1.54461E+03,  3.21146E+03,  1.85823E+02
1417393860  5.33123E+02, -1.51680E+03,  3.21753E+03,  2.07762E+02
1417393920  7.80304E+02, -1.48399E+03,  3.21298E+03,  2.35029E+02
1417393980  1.02500E+03, -1.44640E+03,  3.19803E+03,  2.67414E+02
1417394040  1.26649E+03, -1.40426E+03,  3.17302E+03,  3.04677E+02
1417394100  1.50415E+03, -1.35783E+03,  3.13831E+03,  3.46559E+02
1417394160  1.73740E+03, -1.30740E+03,  3.09431E+03,  3.92778E+02
1417394220  1.96572E+03, -1.25325E+03,  3.04149E+03,  4.43047E+02
1417394280  2.18869E+03, -1.19566E+03,  2.98032E+03,  4.97068E+02
1417394340  2.40593E+03, -1.13494E+03,  2.91132E+03,  5.54544E+02
1417394400  2.61713E+03, -1.07135E+03,  2.83498E+03,  6.15181E+02
1417394460  2.82207E+03, -1.00520E+03,  2.75181E+03,  6.78692E+02
1417394520  3.02054E+03, -9.36731E+02,  2.66232E+03,  7.44798E+02
1417394580  3.21243E+03, -8.66219E+02,  2.56701E+03,  8.13232E+02
1417394640  3.39765E+03, -7.93904E+02,  2.46634E+03,  8.83740E+02
1417394700  3.57615E+03, -7.20016E+02,  2.36079E+03,  9.56081E+02
1417394760  3.74792E+03, -6.44773E+02,  2.25079E+03,  1.03003E+03
1417394820  3.91300E+03, -5.68375E+02,  2.13675E+03,  1.10537E+03
1417394880  4.07142E+03, -4.91010E+02,  2.01907E+03,  1.18192E+03
1417394940  4.22326E+03, -4.12851E+02,  1.89813E+03,  1.25948E+03
1417395000  4.36861E+03, -3.34058E+02,  1.77427E+03,  1.33789E+03
1417395060  4.50758E+03, -2.54777E+02,  1.64780E+03,  1.41698E+03
1417395120  4.64028E+03, -1.75141E+02,  1.51905E+03,  1.49663E+03
1417395180  4.76684E+03, -9.52750E+01,  1.38829E+03,  1.57670E+03
1417395240  4.88738E+03, -1.52893E+01,  1.25577E+03,  1.65706E+03
1417395300  5.00206E+03,  6.47139E+01,  1.12175E+03,  1.73761E+03
1417395360  5.11101E+03,  1.44642E+02,  9.86442E+02,  1.81824E+03
1417395420  5.21437E+03,  2.24411E+02,  8.50059E+02,  1.89887E+03
1417395480  5.31229E+03,  3.03944E+02,  7.12790E+02,  1.97940E+03
1417395540  5.40491E+03,  3.83174E+02,  5.74813E+02,  2.05978E+03
1417395600  5.49237E+03,  4.62037E+02,  4.36289E+02,  2.13991E+03
1417395660  5.57482E+03,  5.40477E+02,  2.97370E+02,  2.21975E+03
1417395720  5.65240E+03,  6.18443E+02,  1.58193E+02,  2.29923E+03
1417395780  5.72524E+03,  6.95890E+02,  1.88868E+01,  2.37831E+03
1417395840  5.79348E+03,  7.72776E+02, -1.20432E+02,  2.45693E+03
1417395900  5.85725E+03,  8.49065E+02, -2.59655E+02,  2.53506E+03
1417395960  5.91667E+03,  9.24723E+02, -3.98683E+02,  2.61265E+03
1417396020  5.97187E+03,  9.99720E+02, -5.37424E+02,  2.68968E+03
1417396080  6.02297E+03,  1.07403E+03, -6.75793E+02,  2.76610E+03
1417396140  6.07009E+03,  1.14763E+03, -8.13712E+02,  2.84189E+03
1417396200  6.11335E+03,  1.22050E+03, -9.51111E+02,  2.91703E+03
1417396260  6.15284E+03,  1.29261E+03, -1.08792E+03,  2.99149E+03
1417396320  6.18869E+03,  1.36396E+03, -1.22408E+03,  3.06525E+03
1417396380  6.22098E+03,  1.43453E+03, -1.35954E+03,  3.13829E+03
1417396440  6.24983E+03,  1.50430E+03, -1.49424E+03,  3.21060E+03
1417396500  6.27533E+03,  1.57326E+03, -1.62814E+03,  3.28216E+03
1417396560  6.29757E+03,  1.64141E+03, -1.76119E+03,  3.35296E+03
1417396620  6.31665E+03,  1.70873E+03, -1.89336E+03,  3.42299E+03
1417396680  6.33264E+03,  1.77521E+03, -2.02459E+03,  3.49223E+03
1417396740  6.34565E+03,  1.84086E+03, -2.15487E+03,  3.56068E+03
1417396800  6.35574E+03,  1.90566E+03, -2.28416E+03,  3.62833E+03
1417396860  6.36299E+03,  1.96961E+03, -2.41242E+03,  3.69516E+03
1417396920  6.36749E+03,  2.03271E+03, -2.53964E+03,  3.76119E+03
1417396980  6.36931E+03,  2.09495E+03, -2.66578E+03,  3.82639E+03
1417397040  6.36851E+03,  2.15633E+03, -2.79083E+03,  3.89077E+03
1417397100  6.36517E+03,  2.21685E+03, -2.91477E+03,  3.95431E+03
1417397160  6.35936E+03,  2.27651E+03, -3.03756E+03,  4.01703E+03
1417397220  6.35113E+03,  2.33531E+03, -3.15921E+03,  4.07891E+03
1417397280  6.34056E+03,  2.39324E+03, -3.27968E+03,  4.13995E+03
1417397340  6.32769E+03,  2.45030E+03, -3.39897E+03,  4.20015E+03
1417397400  6.31260E+03,  2.50651E+03, -3.51706E+03,  4.25951E+03
1417397460  6.29534E+03,  2.56185E+03, -3.63393E+03,  4.31803E+03
1417397520  6.27595E+03,  2.61633E+03, -3.74958E+03,  4.37570E+03
1417397580  6.25451E+03,  2.66995E+03, -3.86400E+03,  4.43253E+03
1417397640  6.23105E+03,  2.72271E+03, -3.97717E+03,  4.48852E+03
1417397700  6.20562E+03,  2.77461E+03, -4.08908E+03,  4.54367E+03
1417397760  6.17829E+03,  2.82565E+03, -4.19974E+03,  4.59797E+03
1417397820  6.14908E+03,  2.87585E+03, -4.30912E+03,  4.65143E+03
1417397880  6.11806E+03,  2.92519E+03, -4.41722E+03,  4.70405E+03
1417397940  6.08525E+03,  2.97368E+03, -4.52404E+03,  4.75583E+03
1417398000  6.05071E+03,  3.02132E+03, -4.62956E+03,  4.80678E+03
1417398060  6.01448E+03,  3.06812E+03, -4.73379E+03,  4.85688E+03
1417398120  5.97660E+03,  3.11408E+03, -4.83672E+03,  4.90615E+03
1417398180  5.93711E+03,  3.15919E+03, -4.93835E+03,  4.95458E+03
1417398240  5.89604E+03,  3.20347E+03, -5.03866E+03,  5.00218E+03
1417398300  5.85344E+03,  3.24692E+03, -5.13765E+03,  5.04895E+03
1417398360  5.80933E+03,  3.28953E+03, -5.23533E+03,  5.09489E+03
1417398420  5.76376E+03,  3.33132E+03, -5.33169E+03,  5.14000E+03
1417398480  5.71676E+03,  3.37228E+03, -5.42672E+03,  5.18428E+03
1417398540  5.66836E+03,  3.41241E+03, -5.52042E+03,  5.22774E+03
1417398600  5.61860E+03,  3.45172E+03, -5.61280E+03,  5.27038E+03
1417398660  5.56751E+03,  3.49022E+03, -5.70384E+03,  5.31220E+03
1417398720  5.51511E+03,  3.52790E+03, -5.79355E+03,  5.35320E+03
1417398780  5.46145E+03,  3.56477E+03, -5.88192E+03,  5.39338E+03
1417398840  5.40654E+03,  3.60083E+03, -5.96895E+03,  5.43275E+03
1417398900  5.35042E+03,  3.63608E+03, -6.05465E+03,  5.47131E+03
1417398960  5.29311E+03,  3.67053E+03, -6.13900E+03,  5.50905E+03
1417399020  5.23465E+03,  3.70418E+03, -6.22201E+03,  5.54599E+03
1417399080  5.17506E+03,  3.73702E+03, -6.30367E+03,  5.58212E+03
1417399140  5.11437E+03,  3.76907E+03, -6.38399E+03,  5.61745E+03
1417399200  5.05259E+03,  3.80033E+03, -6.46296E+03,  5.65198E+03
1417399260  4.98977E+03,  3.83080E+03, -6.54058E+03,  5.68570E+03
1417399320  4.92591E+03,  3.86048E+03, -6.61686E+03,  5.71863E+03
1417399380  4.86106E+03,  3.88937E+03, -6.69178E+03,  5.75076E+03
1417399440  4.79522E+03,  3.91748E+03, -6.76536E+03,  5.78209E+03
1417399500  4.72842E+03,  3.94480E+03, -6.83758E+03,  5.81264E+03
1417399560  4.66069E+03,  3.97135E+03, -6.90845E+03,  5.84239E+03
1417399620  4.59205E+03,  3.99712E+03, -6.97797E+03,  5.87135E+03
1417399680  4.52252E+03,  4.02212E+03, -7.04613E+03,  5.89952E+03
1417399740  4.45212E+03,  4.04635E+03, -7.11294E+03,  5.92691E+03
1417399800  4.38087E+03,  4.06980E+03, -7.17839E+03,  5.95352E+03
1417399860  4.30879E+03,  4.09249E+03, -7.24248E+03,  5.97934E+03
1417399920  4.23590E+03,  4.11442E+03, -7.30522E+03,  6.00439E+03
1417399980  4.16223E+03,  4.13558E+03, -7.36660E+03,  6.02865E+03
1417400040  4.08779E+03,  4.15597E+03, -7.42662E+03,  6.05213E+03
1417400100  4.01261E+03,  4.17561E+03, -7.48528E+03,  6.07484E+03
1417400160  3.93669E+03,  4.19450E+03, -7.54258E+03,  6.09678E+03
1417400220  3.86006E+03,  4.21262E+03, -7.59852E+03,  6.11794E+03
1417400280  3.78275E+03,  4.22999E+03, -7.65310E+03,  6.13833E+03
1417400340  3.70475E+03,  4.24661E+03, -7.70631E+03,  6.15795E+03
1417400400  3.62611E+03,  4.26248E+03, -7.75816E+03,  6.17680E+03
1417400460  3.54682E+03,  4.27760E+03, -7.80864E+03,  6.19488E+03
1417400520  3.46691E+03,  4.29198E+03, -7.85775E+03,  6.21219E+03
1417400580  3.38641E+03,  4.30560E+03, -7.90550E+03,  6.22874E+03
1417400640  3.30531E+03,  4.31849E+03, -7.95188E+03,  6.24452E+03
1417400700  3.22364E+03,  4.33063E+03, -7.99688E+03,  6.25954E+03
1417400760  3.14142E+03,  4.34203E+03, -8.04052E+03,  6.27380E+03
1417400820  3.05867E+03,  4.35269E+03, -8.08278E+03,  6.28729E+03
1417400880  2.97540E+03,  4.36261E+03, -8.12366E+03,  6.30003E+03
1417400940  2.89162E+03,  4.37179E+03, -8.16317E+03,  6.31200E+03
1417401000  2.80735E+03,  4.38024E+03, -8.20131E+03,  6.32322E+03
1417401060  2.72261E+03,  4.38795E+03, -8.23806E+03,  6.33367E+03
1417401120  2.63741E+03,  4.39493E+03, -8.27343E+03,  6.34337E+03
1417401180  2.55178E+03,  4.40117E+03, -8.30742E+03,  6.35231E+03
1417401240  2.46572E+03,  4.40668E+03, -8.34002E+03,  6.36049E+03
1417401300  2.37924E+03,  4.41147E+03, -8.37124E+03,  6.36792E+03
1417401360  2.29238E+03,  4.41552E+03, -8.40107E+03,  6.37459E+03
1417401420  2.20513E+03,  4.41884E+03, -8.42950E+03,  6.38051E+03
1417401480  2.11752E+03,  4.42143E+03, -8.45655E+03,  6.38567E+03
1417401540  2.02956E+03,  4.42330E+03, -8.48220E+03,  6.39008E+03
1417401600  1.94127E+03,  4.42444E+03, -8.50645E+03,  6.39373E+03
1417401660  1.85265E+03,  4.42485E+03, -8.52930E+03,  6.39663E+03
1417401720  1.76373E+03,  4.42453E+03, -8.55075E+03,  6.39878E+03
1417401780  1.67452E+03,  4.42349E+03, -8.57079E+03,  6.40017E+03
1417401840  1.58504E+03,  4.42173E+03, -8.58943E+03,  6.40081E+03
1417401900  1.49529E+03,  4.41924E+03, -8.60665E+03,  6.40069E+03
1417401960  1.40530E+03,  4.41603E+03, -8.62246E+03,  6.39982E+03
1417402020  1.31508E+03,  4.41209E+03, -8.63686E+03,  6.39820E+03
1417402080  1.22464E+03,  4.40743E+03, -8.64983E+03,  6.39582E+03
1417402140  1.13400E+03,  4.40205E+03, -8.66138E+03,  6.39269E+03
1417402200  1.04317E+03,  4.39594E+03, -8.67151E+03,  6.38881E+03
1417402260  9.52172E+02,  4.38911E+03, -8.68020E+03,  6.38417E+03
1417402320  8.61014E+02,  4.38156E+03, -8.68747E+03,  6.37878E+03
1417402380  7.69714E+02,  4.37328E+03, -8.69329E+03,  6.37263E+03
1417402440  6.78286E+02,  4.36428E+03, -8.69768E+03,  6.36573E+03
1417402500  5.86745E+02,  4.35456E+03, -8.70062E+03,  6.35807E+03
1417402560  4.95105E+02,  4.34412E+03, -8.70212E+03,  6.34965E+03
1417402620  4.03383E+02,  4.33295E+03, -8.70216E+03,  6.34048E+03
1417402680  3.11592E+02,  4.32106E+03, -8.70075E+03,  6.33055E+03
1417402740  2.19749E+02,  4.30844E+03, -8.69787E+03,  6.31986E+03
1417402800  1.27868E+02,  4.29511E+03, -8.69353E+03,  6.30841E+03
1417402860  3.59653E+01,  4.28104E+03, -8.68772E+03,  6.29621E+03
1417402920 -5.59443E+01,  4.26626E+03, -8.68044E+03,  6.28324E+03
1417402980 -1.47845E+02,  4.25075E+03, -8.67168E+03,  6.26951E+03
1417403040 -2.39721E+02,  4.23451E+03, -8.66144E+03,  6.25502E+03
1417403100 -3.31557E+02,  4.21755E+03, -8.64971E+03,  6.23977E+03
1417403160 -4.23336E+02,  4.19986E+03, -8.63648E+03,  6.22375E+03
1417403220 -5.15042E+02,  4.18144E+03, -8.62176E+03,  6.20697E+03
1417403280 -6.06659E+02,  4.16230E+03, -8.60553E+03,  6.18941E+03
1417403340 -6.98170E+02,  4.14242E+03, -8.58780E+03,  6.17110E+03
1417403400 -7.89559E+02,  4.12182E+03, -8.56855E+03,  6.15201E+03
1417403460 -8.80809E+02,  4.10049E+03, -8.54778E+03,  6.13216E+03
1417403520 -9.71902E+02,  4.07843E+03, -8.52548E+03,  6.11153E+03
1417403580 -1.06282E+03,  4.05564E+03, -8.50165E+03,  6.09013E+03
1417403640 -1.15355E+03,  4.03211E+03, -8.47628E+03,  6.06796E+03
1417403700 -1.24407E+03,  4.00785E+03, -8.44937E+03,  6.04501E+03
1417403760 -1.33436E+03,  3.98286E+03, -8.42090E+03,  6.02128E+03
1417403820 -1.42440E+03,  3.95714E+03, -8.39088E+03,  5.99678E+03
1417403880 -1.51418E+03,  3.93067E+03, -8.35929E+03,  5.97149E+03
1417403940 -1.60368E+03,  3.90347E+03, -8.32614E+03,  5.94543E+03
1417404000 -1.69287E+03,  3.87553E+03, -8.29140E+03,  5.91858E+03
1417404060 -1.78175E+03,  3.84686E+03, -8.25508E+03,  5.89095E+03
1417404120 -1.87027E+03,  3.81744E+03, -8.21717E+03,  5.86253E+03
1417404180 -1.95844E+03,  3.78728E+03, -8.17766E+03,  5.83332E+03
1417404240 -2.04622E+03,  3.75638E+03, -8.13654E+03,  5.80333E+03
1417404300 -2.13360E+03,  3.72473E+03, -8.09381E+03,  5.77254E+03
1417404360 -2.22055E+03,  3.69234E+03, -8.04945E+03,  5.74095E+03
1417404420 -2.30705E+03,  3.65920E+03, -8.00346E+03,  5.70858E+03
1417404480 -2.39308E+03,  3.62532E+03, -7.95584E+03,  5.67540E+03
1417404540 -2.47862E+03,  3.59069E+03, -7.90657E+03,  5.64143E+03
1417404600 -2.56364E+03,  3.55530E+03, -7.85564E+03,  5.60665E+03
1417404660 -2.64811E+03,  3.51917E+03, -7.80305E+03,  5.57107E+03
1417404720 -2.73203E+03,  3.48228E+03, -7.74879E+03,  5.53469E+03
1417404780 -2.81535E+03,  3.44464E+03, -7.69285E+03,  5.49750E+03
1417404840 -2.89805E+03,  3.40625E+03, -7.63521E+03,  5.45950E+03
1417404900 -2.98011E+03,  3.36709E+03, -7.57588E+03,  5.42069E+03
1417404960 -3.06150E+03,  3.32718E+03, -7.51484E+03,  5.38106E+03
1417405020 -3.14219E+03,  3.28651E+03, -7.45208E+03,  5.34062E+03
1417405080 -3.22215E+03,  3.24508E+03, -7.38760E+03,  5.29936E+03
1417405140 -3.30136E+03,  3.20289E+03, -7.32138E+03,  5.25729E+03
1417405200 -3.37978E+03,  3.15994E+03, -7.25341E+03,  5.21439E+03
1417405260 -3.45738E+03,  3.11622E+03, -7.18368E+03,  5.17067E+03
1417405320 -3.53414E+03,  3.07174E+03, -7.11219E+03,  5.12612E+03
1417405380 -3.61002E+03,  3.02650E+03, -7.03893E+03,  5.08075E+03
1417405440 -3.68498E+03,  2.98048E+03, -6.96387E+03,  5.03455E+03
1417405500 -3.75899E+03,  2.93370E+03, -6.88702E+03,  4.98752E+03
1417405560 -3.83202E+03,  2.88615E+03, -6.80837E+03,  4.93965E+03
1417405620 -3.90402E+03,  2.83784E+03, -6.72790E+03,  4.89095E+03
1417405680 -3.97497E+03,  2.78875E+03, -6.64559E+03,  4.84142E+03
1417405740 -4.04482E+03,  2.73889E+03, -6.56146E+03,  4.79105E+03
1417405800 -4.11353E+03,  2.68826E+03, -6.47547E+03,  4.73984E+03
1417405860 -4.18107E+03,  2.63687E+03, -6.38762E+03,  4.68779E+03
1417405920 -4.24738E+03,  2.58470E+03, -6.29790E+03,  4.63490E+03
1417405980 -4.31243E+03,  2.53176E+03, -6.20631E+03,  4.58116E+03
1417406040 -4.37616E+03,  2.47805E+03, -6.11282E+03,  4.52659E+03
1417406100 -4.43854E+03,  2.42357E+03, -6.01743E+03,  4.47117E+03
1417406160 -4.49950E+03,  2.36833E+03, -5.92013E+03,  4.41490E+03
1417406220 -4.55901E+03,  2.31231E+03, -5.82091E+03,  4.35780E+03
1417406280 -4.61701E+03,  2.25553E+03, -5.71976E+03,  4.29985E+03
1417406340 -4.67345E+03,  2.19799E+03, -5.61667E+03,  4.24105E+03
1417406400 -4.72826E+03,  2.13968E+03, -5.51162E+03,  4.18142E+03
1417406460 -4.78140E+03,  2.08062E+03, -5.40462E+03,  4.12094E+03
1417406520 -4.83279E+03,  2.02080E+03, -5.29565E+03,  4.05962E+03
1417406580 -4.88239E+03,  1.96022E+03, -5.18470E+03,  3.99746E+03
1417406640 -4.93012E+03,  1.89890E+03, -5.07177E+03,  3.93447E+03
1417406700 -4.97591E+03,  1.83683E+03, -4.95685E+03,  3.87065E+03
1417406760 -5.01970E+03,  1.77402E+03, -4.83992E+03,  3.80600E+03
1417406820 -5.06142E+03,  1.71047E+03, -4.72099E+03,  3.74052E+03
1417406880 -5.10098E+03,  1.64621E+03, -4.60006E+03,  3.67422E+03
1417406940 -5.13831E+03,  1.58122E+03, -4.47710E+03,  3.60711E+03
1417407000 -5.17333E+03,  1.51551E+03, -4.35213E+03,  3.53919E+03
1417407060 -5.20595E+03,  1.44911E+03, -4.22515E+03,  3.47047E+03
1417407120 -5.23608E+03,  1.38201E+03, -4.09614E+03,  3.40096E+03
1417407180 -5.26364E+03,  1.31424E+03, -3.96511E+03,  3.33066E+03
1417407240 -5.28852E+03,  1.24580E+03, -3.83206E+03,  3.25959E+03
1417407300 -5.31062E+03,  1.17670E+03, -3.69701E+03,  3.18777E+03
1417407360 -5.32985E+03,  1.10696E+03, -3.55994E+03,  3.11520E+03
1417407420 -5.34609E+03,  1.03661E+03, -3.42088E+03,  3.04190E+03
1417407480 -5.35924E+03,  9.65653E+02, -3.27984E+03,  2.96788E+03
1417407540 -5.36916E+03,  8.94117E+02, -3.13683E+03,  2.89318E+03
1417407600 -5.37575E+03,  8.22026E+02, -2.99186E+03,  2.81780E+03
1417407660 -5.37886E+03,  7.49405E+02, -2.84496E+03,  2.74177E+03
1417407720 -5.37838E+03,  6.76282E+02, -2.69616E+03,  2.66512E+03
1417407780 -5.37416E+03,  6.02690E+02, -2.54548E+03,  2.58788E+03
1417407840 -5.36605E+03,  5.28662E+02, -2.39297E+03,  2.51008E+03
1417407900 -5.35392E+03,  4.54237E+02, -2.23865E+03,  2.43175E+03
1417407960 -5.33759E+03,  3.79458E+02, -2.08258E+03,  2.35294E+03
1417408020 -5.31691E+03,  3.04369E+02, -1.92482E+03,  2.27369E+03
1417408080 -5.29172E+03,  2.29022E+02, -1.76542E+03,  2.19404E+03
1417408140 -5.26184E+03,  1.53473E+02, -1.60446E+03,  2.11406E+03
1417408200 -5.22708E+03,  7.77820E+01, -1.44202E+03,  2.03380E+03
1417408260 -5.18726E+03,  2.01651E+00, -1.27818E+03,  1.95332E+03
1417408320 -5.14220E+03, -7.37503E+01, -1.11305E+03,  1.87270E+03
1417408380 -5.09169E+03, -1.49438E+02, -9.46742E+02,  1.79201E+03
1417408440 -5.03553E+03, -2.24959E+02, -7.79391E+02,  1.71135E+03
1417408500 -4.97351E+03, -3.00218E+02, -6.11137E+02,  1.63080E+03
1417408560 -4.90543E+03, -3.75109E+02, -4.42144E+02,  1.55048E+03
1417408620 -4.83107E+03, -4.49519E+02, -2.72591E+02,  1.47049E+03
1417408680 -4.75021E+03, -5.23323E+02, -1.02679E+02,  1.39096E+03
1417408740 -4.66265E+03, -5.96387E+02,  6.73692E+01,  1.31202E+03
1417408800 -4.56816E+03, -6.68563E+02,  2.37308E+02,  1.23382E+03
1417408860 -4.46655E+03, -7.39694E+02,  4.06866E+02,  1.15653E+03
1417408920 -4.35760E+03, -8.09609E+02,  5.75743E+02,  1.08031E+03
1417408980 -4.24114E+03, -8.78125E+02,  7.43613E+02,  1.00536E+03
1417409040 -4.11697E+03, -9.45044E+02,  9.10117E+02,  9.31881E+02
1417409100 -3.98495E+03, -1.01016E+03,  1.07487E+03,  8.60084E+02
1417409160 -3.84493E+03, -1.07324E+03,  1.23744E+03,  7.90204E+02
1417409220 -3.69681E+03, -1.13406E+03,  1.39739E+03,  7.22487E+02
1417409280 -3.54050E+03, -1.19236E+03,  1.55422E+03,  6.57193E+02
1417409340 -3.37599E+03, -1.24790E+03,  1.70742E+03,  5.94594E+02
1417409400 -3.20327E+03, -1.30041E+03,  1.85645E+03,  5.34974E+02
1417409460 -3.02241E+03, -1.34960E+03,  2.00073E+03,  4.78622E+02
1417409520 -2.83353E+03, -1.39522E+03,  2.13967E+03,  4.25835E+02
1417409580 -2.63683E+03, -1.43698E+03,  2.27268E+03,  3.76912E+02
1417409640 -2.43255E+03, -1.47462E+03,  2.39913E+03,  3.32146E+02
1417409700 -2.22105E+03, -1.50788E+03,  2.51842E+03,  2.91825E+02
1417409760 -2.00272E+03, -1.53651E+03,  2.62995E+03,  2.56222E+02
1417409820 -1.77806E+03, -1.56028E+03,  2.73313E+03,  2.25591E+02
1417409880 -1.54764E+03, -1.57901E+03,  2.82742E+03,  2.00160E+02
1417409940 -1.31209E+03, -1.59252E+03,  2.91234E+03,  1.80127E+02
1417410000 -1.07211E+03, -1.60068E+03,  2.98742E+03,  1.65651E+02
1417410060 -8.28468E+02, -1.60339E+03,  3.05230E+03,  1.56850E+02
1417410120 -5.81969E+02, -1.60061E+03,  3.10668E+03,  1.53796E+02
1417410180 -3.33447E+02, -1.59232E+03,  3.15035E+03,  1.56513E+02
1417410240 -8.37597E+01, -1.57858E+03,  3.18316E+03,  1.64976E+02
1417410300  1.66236E+02, -1.55946E+03,  3.20509E+03,  1.79115E+02
1417410360  4.15694E+02, -1.53508E+03,  3.21619E+03,  1.98813E+02
1417410420  6.63797E+02, -1.50561E+03,  3.21658E+03,  2.23913E+02
1417410480  9.09765E+02, -1.47125E+03,  3.20648E+03,  2.54219E+02
1417410540  1.15287E+03, -1.43223E+03,  3.18618E+03,  2.89504E+02
1417410600  1.39244E+03, -1.38878E+03,  3.15602E+03,  3.29516E+02
1417410660  1.62787E+03, -1.34119E+03,  3.11641E+03,  3.73983E+02
1417410720  1.85863E+03, -1.28973E+03,  3.06778E+03,  4.22617E+02
1417410780  2.08424E+03, -1.23469E+03,  3.01060E+03,  4.75126E+02
1417410840  2.30431E+03, -1.17635E+03,  2.94537E+03,  5.31210E+02
1417410900  2.51850E+03, -1.11500E+03,  2.87259E+03,  5.90575E+02
1417410960  2.72654E+03, -1.05093E+03,  2.79276E+03,  6.52931E+02
1417411020  2.92823E+03, -9.84408E+02,  2.70641E+03,  7.17995E+02
1417411080  3.12341E+03, -9.15693E+02,  2.61401E+03,  7.85494E+02
1417411140  3.31198E+03, -8.45036E+02,  2.51606E+03,  8.55169E+02
1417411200  3.49387E+03, -7.72675E+02,  2.41302E+03,  9.26776E+02
1417411260  3.66905E+03, -6.98831E+02,  2.30534E+03,  1.00008E+03
1417411320  3.83755E+03, -6.23713E+02,  2.19344E+03,  1.07487E+03
1417411380  3.99939E+03, -5.47514E+02,  2.07774E+03,  1.15093E+03
1417411440  4.15463E+03, -4.70414E+02,  1.95860E+03,  1.22808E+03
1417411500  4.30337E+03, -3.92577E+02,  1.83638E+03,  1.30615E+03
1417411560  4.44568E+03, -3.14156E+02,  1.71143E+03,  1.38498E+03
1417411620  4.58170E+03, -2.35291E+02,  1.58404E+03,  1.46440E+03
1417411680  4.71152E+03, -1.56110E+02,  1.45452E+03,  1.54430E+03
1417411740  4.83530E+03, -7.67296E+01,  1.32313E+03,  1.62455E+03
1417411800  4.95315E+03,  2.74261E+00,  1.19011E+03,  1.70502E+03
1417411860  5.06522E+03,  8.22099E+01,  1.05571E+03,  1.78562E+03
1417411920  5.17165E+03,  1.61584E+02,  9.20132E+02,  1.86625E+03
1417411980  5.27258E+03,  2.40784E+02,  7.83578E+02,  1.94682E+03
1417412040  5.36816E+03,  3.19739E+02,  6.46229E+02,  2.02726E+03
1417412100  5.45853E+03,  3.98381E+02,  5.08255E+02,  2.10749E+03
1417412160  5.54382E+03,  4.76652E+02,  3.69811E+02,  2.18745E+03
1417412220  5.62419E+03,  5.54497E+02,  2.31041E+02,  2.26708E+03
1417412280  5.69976E+03,  6.31868E+02,  9.20750E+01,  2.34632E+03
1417412340  5.77068E+03,  7.08721E+02, -4.69634E+01,  2.42512E+03
1417412400  5.83706E+03,  7.85016E+02, -1.85963E+02,  2.50345E+03
1417412460  5.89905E+03,  8.60719E+02, -3.24819E+02,  2.58126E+03
1417412520  5.95676E+03,  9.35796E+02, -4.63438E+02,  2.65851E+03
1417412580  6.01033E+03,  1.01022E+03, -6.01731E+02,  2.73517E+03
1417412640  6.05986E+03,  1.08397E+03, -7.39618E+02,  2.81121E+03
1417412700  6.10547E+03,  1.15701E+03, -8.77024E+02,  2.88661E+03
1417412760  6.14727E+03,  1.22933E+03, -1.01388E+03,  2.96134E+03
1417412820  6.18537E+03,  1.30091E+03, -1.15012E+03,  3.03538E+03
1417412880  6.21988E+03,  1.37173E+03, -1.28570E+03,  3.10871E+03
1417412940  6.25089E+03,  1.44178E+03, -1.42055E+03,  3.18131E+03
1417413000  6.27851E+03,  1.51105E+03, -1.55462E+03,  3.25317E+03
1417413060  6.30283E+03,  1.57952E+03, -1.68787E+03,  3.32428E+03
1417413120  6.32394E+03,  1.64719E+03, -1.82027E+03,  3.39461E+03
1417413180  6.34192E+03,  1.71404E+03, -1.95176E+03,  3.46417E+03
1417413240  6.35687E+03,  1.78007E+03, -2.08231E+03,  3.53293E+03
1417413300  6.36887E+03,  1.84528E+03, -2.21190E+03,  3.60090E+03
1417413360  6.37800E+03,  1.90965E+03, -2.34048E+03,  3.66806E+03
1417413420  6.38433E+03,  1.97318E+03, -2.46804E+03,  3.73441E+03
1417413480  6.38794E+03,  2.03587E+03, -2.59455E+03,  3.79993E+03
1417413540  6.38890E+03,  2.09772E+03, -2.71997E+03,  3.86464E+03
1417413600  6.38728E+03,  2.15872E+03, -2.84430E+03,  3.92852E+03
1417413660  6.38315E+03,  2.21888E+03, -2.96750E+03,  3.99156E+03
1417413720  6.37658E+03,  2.27818E+03, -3.08957E+03,  4.05377E+03
1417413780  6.36763E+03,  2.33663E+03, -3.21048E+03,  4.11515E+03
1417413840  6.35635E+03,  2.39423E+03, -3.33022E+03,  4.17568E+03
1417413900  6.34281E+03,  2.45098E+03, -3.44878E+03,  4.23538E+03
1417413960  6.32707E+03,  2.50687E+03, -3.56613E+03,  4.29423E+03
1417414020  6.30918E+03,  2.56192E+03, -3.68227E+03,  4.35224E+03
1417414080  6.28920E+03,  2.61611E+03, -3.79718E+03,  4.40940E+03
1417414140  6.26717E+03,  2.66946E+03, -3.91086E+03,  4.46573E+03
1417414200  6.24316E+03,  2.72195E+03, -4.02330E+03,  4.52121E+03
1417414260  6.21720E+03,  2.77360E+03, -4.13448E+03,  4.57585E+03
1417414320  6.18934E+03,  2.82441E+03, -4.24440E+03,  4.62964E+03
1417414380  6.15964E+03,  2.87437E+03, -4.35306E+03,  4.68260E+03
1417414440  6.12814E+03,  2.92349E+03, -4.46043E+03,  4.73471E+03
1417414500  6.09487E+03,  2.97177E+03, -4.56653E+03,  4.78598E+03
1417414560  6.05989E+03,  3.01921E+03, -4.67133E+03,  4.83642E+03
1417414620  6.02323E+03,  3.06582E+03, -4.77484E+03,  4.88602E+03
1417414680  5.98493E+03,  3.11159E+03, -4.87705E+03,  4.93478E+03
1417414740  5.94503E+03,  3.15654E+03, -4.97796E+03,  4.98271E+03
1417414800  5.90358E+03,  3.20065E+03, -5.07756E+03,  5.02981E+03
1417414860  5.86060E+03,  3.24394E+03, -5.17585E+03,  5.07607E+03
1417414920  5.81613E+03,  3.28641E+03, -5.27282E+03,  5.12151E+03
1417414980  5.77021E+03,  3.32806E+03, -5.36847E+03,  5.16612E+03
1417415040  5.72287E+03,  3.36889E+03, -5.46281E+03,  5.20991E+03
1417415100  5.67415E+03,  3.40890E+03, -5.55582E+03,  5.25287E+03
1417415160  5.62407E+03,  3.44810E+03, -5.64750E+03,  5.29501E+03
1417415220  5.57267E+03,  3.48650E+03, -5.73785E+03,  5.33634E+03
1417415280  5.51998E+03,  3.52408E+03, -5.82687E+03,  5.37684E+03
1417415340  5.46603E+03,  3.56086E+03, -5.91456E+03,  5.41653E+03
1417415400  5.41084E+03,  3.59683E+03, -6.00091E+03,  5.45541E+03
1417415460  5.35445E+03,  3.63201E+03, -6.08593E+03,  5.49348E+03
1417415520  5.29688E+03,  3.66639E+03, -6.16961E+03,  5.53073E+03
1417415580  5.23817E+03,  3.69997E+03, -6.25194E+03,  5.56718E+03
1417415640  5.17833E+03,  3.73277E+03, -6.33294E+03,  5.60283E+03
1417415700  5.11739E+03,  3.76477E+03, -6.41259E+03,  5.63767E+03
1417415760  5.05538E+03,  3.79598E+03, -6.49091E+03,  5.67171E+03
1417415820  4.99233E+03,  3.82641E+03, -6.56787E+03,  5.70495E+03
1417415880  4.92825E+03,  3.85606E+03, -6.64349E+03,  5.73739E+03
1417415940  4.86318E+03,  3.88493E+03, -6.71776E+03,  5.76904E+03
1417416000  4.79713E+03,  3.91302E+03, -6.79069E+03,  5.79989E+03
1417416060  4.73013E+03,  3.94033E+03, -6.86227E+03,  5.82996E+03
1417416120  4.66220E+03,  3.96687E+03, -6.93249E+03,  5.85923E+03
1417416180  4.59336E+03,  3.99264E+03, -7.00137E+03,  5.88771E+03
1417416240  4.52363E+03,  4.01764E+03, -7.06890E+03,  5.91541E+03
1417416300  4.45304E+03,  4.04187E+03, -7.13507E+03,  5.94232E+03
1417416360  4.38161E+03,  4.06534E+03, -7.19989E+03,  5.96846E+03
1417416420  4.30935E+03,  4.08804E+03, -7.26335E+03,  5.99380E+03
1417416480  4.23629E+03,  4.10998E+03, -7.32546E+03,  6.01837E+03
1417416540  4.16245E+03,  4.13117E+03, -7.38622E+03,  6.04216E+03
1417416600  4.08784E+03,  4.15159E+03, -7.44561E+03,  6.06518E+03
1417416660  4.01249E+03,  4.17126E+03, -7.50365E+03,  6.08741E+03
1417416720  3.93641E+03,  4.19018E+03, -7.56034E+03,  6.10888E+03
1417416780  3.85962E+03,  4.20834E+03, -7.61566E+03,  6.12957E+03
1417416840  3.78214E+03,  4.22576E+03, -7.66962E+03,  6.14949E+03
1417416900  3.70400E+03,  4.24243E+03, -7.72222E+03,  6.16864E+03
1417416960  3.62519E+03,  4.25834E+03, -7.77345E+03,  6.18702E+03
1417417020  3.54576E+03,  4.27352E+03, -7.82333E+03,  6.20464E+03
1417417080  3.46570E+03,  4.28795E+03, -7.87183E+03,  6.22148E+03
1417417140  3.38504E+03,  4.30163E+03, -7.91897E+03,  6.23756E+03
1417417200  3.30380E+03,  4.31458E+03, -7.96474E+03,  6.25288E+03
1417417260  3.22199E+03,  4.32678E+03, -8.00915E+03,  6.26744E+03
1417417320  3.13963E+03,  4.33825E+03, -8.05218E+03,  6.28123E+03
1417417380  3.05674E+03,  4.34897E+03, -8.09384E+03,  6.29426E+03
1417417440  2.97332E+03,  4.35897E+03, -8.13413E+03,  6.30653E+03
1417417500  2.88941E+03,  4.36822E+03, -8.17304E+03,  6.31804E+03
1417417560  2.80500E+03,  4.37674E+03, -8.21057E+03,  6.32879E+03
1417417620  2.72013E+03,  4.38453E+03, -8.24673E+03,  6.33878E+03
1417417680  2.63480E+03,  4.39159E+03, -8.28150E+03,  6.34802E+03
1417417740  2.54903E+03,  4.39791E+03, -8.31490E+03,  6.35650E+03
1417417800  2.46283E+03,  4.40351E+03, -8.34690E+03,  6.36422E+03
1417417860  2.37623E+03,  4.40837E+03, -8.37753E+03,  6.37119E+03
1417417920  2.28923E+03,  4.41251E+03, -8.40676E+03,  6.37740E+03
1417417980  2.20185E+03,  4.41592E+03, -8.43460E+03,  6.38285E+03
1417418040  2.11411E+03,  4.41860E+03, -8.46105E+03,  6.38755E+03
1417418100  2.02603E+03,  4.42055E+03, -8.48611E+03,  6.39150E+03
1417418160  1.93760E+03,  4.42177E+03, -8.50977E+03,  6.39469E+03
1417418220  1.84886E+03,  4.42227E+03, -8.53202E+03,  6.39713E+03
1417418280  1.75982E+03,  4.42205E+03, -8.55288E+03,  6.39881E+03
1417418340  1.67048E+03,  4.42110E+03, -8.57233E+03,  6.39974E+03
1417418400  1.58087E+03,  4.41943E+03, -8.59037E+03,  6.39992E+03
1417418460  1.49100E+03,  4.41703E+03, -8.60700E+03,  6.39934E+03
1417418520  1.40089E+03,  4.41390E+03, -8.62221E+03,  6.39801E+03
1417418580  1.31054E+03,  4.41006E+03, -8.63601E+03,  6.39593E+03
1417418640  1.21998E+03,  4.40549E+03, -8.64838E+03,  6.39309E+03
1417418700  1.12921E+03,  4.40019E+03, -8.65934E+03,  6.38949E+03
1417418760  1.03826E+03,  4.39417E+03, -8.66886E+03,  6.38515E+03
1417418820  9.47143E+02,  4.38743E+03, -8.67696E+03,  6.38005E+03
1417418880  8.55865E+02,  4.37997E+03, -8.68362E+03,  6.37419E+03
1417418940  7.64445E+02,  4.37178E+03, -8.68884E+03,  6.36758E+03
1417419000  6.72897E+02,  4.36287E+03, -8.69262E+03,  6.36021E+03
1417419060  5.81237E+02,  4.35323E+03, -8.69496E+03,  6.35209E+03
1417419120  4.89479E+02,  4.34287E+03, -8.69584E+03,  6.34321E+03
1417419180  3.97639E+02,  4.33179E+03, -8.69528E+03,  6.33357E+03
1417419240  3.05732E+02,  4.31998E+03, -8.69325E+03,  6.32317E+03
1417419300  2.13773E+02,  4.30744E+03, -8.68976E+03,  6.31202E+03
1417419360  1.21777E+02,  4.29418E+03, -8.68481E+03,  6.30010E+03
1417419420  2.97597E+01,  4.28020E+03, -8.67838E+03,  6.28743E+03
1417419480 -6.22631E+01,  4.26548E+03, -8.67048E+03,  6.27399E+03
1417419540 -1.54276E+02,  4.25005E+03, -8.66109E+03,  6.25980E+03
1417419600 -2.46263E+02,  4.23388E+03, -8.65022E+03,  6.24484E+03
1417419660 -3.38208E+02,  4.21699E+03, -8.63786E+03,  6.22911E+03
1417419720 -4.30096E+02,  4.19936E+03, -8.62400E+03,  6.21262E+03
1417419780 -5.21909E+02,  4.18101E+03, -8.60864E+03,  6.19537E+03
1417419840 -6.13632E+02,  4.16193E+03, -8.59178E+03,  6.17734E+03
1417419900 -7.05247E+02,  4.14211E+03, -8.57340E+03,  6.15855E+03
1417419960 -7.96738E+02,  4.12157E+03, -8.55350E+03,  6.13899E+03
1417420020 -8.88088E+02,  4.10029E+03, -8.53208E+03,  6.11866E+03
1417420080 -9.79280E+02,  4.07828E+03, -8.50913E+03,  6.09756E+03
1417420140 -1.07030E+03,  4.05553E+03, -8.48465E+03,  6.07568E+03
1417420200 -1.16112E+03,  4.03205E+03, -8.45862E+03,  6.05303E+03
1417420260 -1.25173E+03,  4.00783E+03, -8.43104E+03,  6.02960E+03
1417420320 -1.34211E+03,  3.98287E+03, -8.40190E+03,  6.00539E+03
1417420380 -1.43224E+03,  3.95718E+03, -8.37121E+03,  5.98041E+03
1417420440 -1.52211E+03,  3.93074E+03, -8.33894E+03,  5.95464E+03
1417420500 -1.61168E+03,  3.90357E+03, -8.30510E+03,  5.92809E+03
1417420560 -1.70096E+03,  3.87565E+03, -8.26968E+03,  5.90076E+03
1417420620 -1.78990E+03,  3.84699E+03, -8.23267E+03,  5.87264E+03
1417420680 -1.87850E+03,  3.81758E+03, -8.19406E+03,  5.84374E+03
1417420740 -1.96673E+03,  3.78743E+03, -8.15384E+03,  5.81404E+03
1417420800 -2.05458E+03,  3.75653E+03, -8.11201E+03,  5.78355E+03
1417420860 -2.14202E+03,  3.72488E+03, -8.06857E+03,  5.75227E+03
1417420920 -2.22902E+03,  3.69248E+03, -8.02349E+03,  5.72020E+03
1417420980 -2.31557E+03,  3.65933E+03, -7.97678E+03,  5.68733E+03
1417421040 -2.40165E+03,  3.62543E+03, -7.92842E+03,  5.65366E+03
1417421100 -2.48722E+03,  3.59077E+03, -7.87841E+03,  5.61919E+03
1417421160 -2.57228E+03,  3.55536E+03, -7.82674E+03,  5.58391E+03
1417421220 -2.65678E+03,  3.51919E+03, -7.77340E+03,  5.54784E+03
1417421280 -2.74071E+03,  3.48226E+03, -7.71837E+03,  5.51095E+03
1417421340 -2.82405E+03,  3.44457E+03, -7.66167E+03,  5.47326E+03
1417421400 -2.90676E+03,  3.40612E+03, -7.60326E+03,  5.43476E+03
1417421460 -2.98882E+03,  3.36691E+03, -7.54315E+03,  5.39544E+03
1417421520 -3.07020E+03,  3.32693E+03, -7.48132E+03,  5.35531E+03
1417421580 -3.15088E+03,  3.28619E+03, -7.41776E+03,  5.31436E+03
1417421640 -3.23081E+03,  3.24468E+03, -7.35248E+03,  5.27260E+03
1417421700 -3.30999E+03,  3.20240E+03, -7.28544E+03,  5.23001E+03
1417421760 -3.38837E+03,  3.15935E+03, -7.21666E+03,  5.18660E+03
1417421820 -3.46592E+03,  3.11553E+03, -7.14610E+03,  5.14237E+03
1417421880 -3.54261E+03,  3.07094E+03, -7.07378E+03,  5.09731E+03
1417421940 -3.61842E+03,  3.02558E+03, -6.99967E+03,  5.05142E+03
1417422000 -3.69329E+03,  2.97944E+03, -6.92376E+03,  5.00470E+03
1417422060 -3.76721E+03,  2.93252E+03, -6.84605E+03,  4.95715E+03
1417422120 -3.84012E+03,  2.88483E+03, -6.76652E+03,  4.90877E+03
1417422180 -3.91200E+03,  2.83637E+03, -6.68517E+03,  4.85955E+03
1417422240 -3.98281E+03,  2.78712E+03, -6.60198E+03,  4.80949E+03
1417422300 -4.05251E+03,  2.73710E+03, -6.51694E+03,  4.75860E+03
1417422360 -4.12105E+03,  2.68629E+03, -6.43004E+03,  4.70686E+03
1417422420 -4.18840E+03,  2.63471E+03, -6.34127E+03,  4.65429E+03
1417422480 -4.25451E+03,  2.58235E+03, -6.25063E+03,  4.60087E+03
1417422540 -4.31933E+03,  2.52920E+03, -6.15809E+03,  4.54662E+03
1417422600 -4.38282E+03,  2.47528E+03, -6.06366E+03,  4.49151E+03
1417422660 -4.44493E+03,  2.42058E+03, -5.96731E+03,  4.43557E+03
1417422720 -4.50562E+03,  2.36510E+03, -5.86904E+03,  4.37878E+03
1417422780 -4.56482E+03,  2.30885E+03, -5.76884E+03,  4.32114E+03
1417422840 -4.62249E+03,  2.25182E+03, -5.66669E+03,  4.26267E+03
1417422900 -4.67857E+03,  2.19401E+03, -5.56260E+03,  4.20334E+03
1417422960 -4.73300E+03,  2.13543E+03, -5.45654E+03,  4.14318E+03
1417423020 -4.78573E+03,  2.07608E+03, -5.34852E+03,  4.08218E+03
1417423080 -4.83669E+03,  2.01597E+03, -5.23851E+03,  4.02034E+03
1417423140 -4.88582E+03,  1.95509E+03, -5.12652E+03,  3.95766E+03
1417423200 -4.93304E+03,  1.89345E+03, -5.01254E+03,  3.89414E+03
1417423260 -4.97831E+03,  1.83106E+03, -4.89655E+03,  3.82980E+03
1417423320 -5.02153E+03,  1.76792E+03, -4.77855E+03,  3.76463E+03
1417423380 -5.06263E+03,  1.70403E+03, -4.65854E+03,  3.69863E+03
1417423440 -5.10147E+03,  1.63953E+03, -4.53655E+03,  3.63182E+03
1417423500 -5.13812E+03,  1.57417E+03, -4.41250E+03,  3.56420E+03
1417423560 -5.17240E+03,  1.50809E+03, -4.28643E+03,  3.49578E+03
1417423620 -5.20425E+03,  1.44130E+03, -4.15832E+03,  3.42656E+03
1417423680 -5.23356E+03,  1.37380E+03, -4.02819E+03,  3.35655E+03
1417423740 -5.26025E+03,  1.30562E+03, -3.89604E+03,  3.28577E+03
1417423800 -5.28420E+03,  1.23675E+03, -3.76186E+03,  3.21423E+03
1417423860 -5.30533E+03,  1.16723E+03, -3.62566E+03,  3.14193E+03
1417423920 -5.32352E+03,  1.09706E+03, -3.48746E+03,  3.06890E+03
1417423980 -5.33866E+03,  1.02626E+03, -3.34725E+03,  2.99514E+03
1417424040 -5.35063E+03,  9.54854E+02, -3.20507E+03,  2.92069E+03
1417424100 -5.35932E+03,  8.82861E+02, -3.06091E+03,  2.84555E+03
1417424160 -5.36460E+03,  8.10306E+02, -2.91480E+03,  2.76976E+03
1417424220 -5.36633E+03,  7.37216E+02, -2.76676E+03,  2.69334E+03
1417424280 -5.36439E+03,  6.63620E+02, -2.61683E+03,  2.61631E+03
1417424340 -5.35863E+03,  5.89552E+02, -2.46504E+03,  2.53870E+03
1417424400 -5.34889E+03,  5.15047E+02, -2.31141E+03,  2.46056E+03
1417424460 -5.33503E+03,  4.40146E+02, -2.15601E+03,  2.38192E+03
1417424520 -5.31689E+03,  3.64891E+02, -1.99887E+03,  2.30282E+03
1417424580 -5.29430E+03,  2.89331E+02, -1.84006E+03,  2.22331E+03
1417424640 -5.26708E+03,  2.13519E+02, -1.67965E+03,  2.14343E+03
1417424700 -5.23506E+03,  1.37513E+02, -1.51770E+03,  2.06326E+03
1417424760 -5.19806E+03,  6.13758E+01, -1.35432E+03,  1.98285E+03
1417424820 -5.15589E+03, -1.48217E+01, -1.18958E+03,  1.90226E+03
1417424880 -5.10834E+03, -9.10032E+01, -1.02361E+03,  1.82158E+03
1417424940 -5.05521E+03, -1.67085E+02, -8.56532E+02,  1.74089E+03
1417425000 -4.99631E+03, -2.42974E+02, -6.88475E+02,  1.66027E+03
1417425060 -4.93142E+03, -3.18572E+02, -5.19597E+02,  1.57984E+03
1417425120 -4.86032E+03, -3.93767E+02, -3.50071E+02,  1.49970E+03
1417425180 -4.78281E+03, -4.68442E+02, -1.80091E+02,  1.41996E+03
1417425240 -4.69865E+03, -5.42465E+02, -9.86836E+00,  1.34077E+03
1417425300 -4.60765E+03, -6.15696E+02,  1.60359E+02,  1.26227E+03
1417425360 -4.50958E+03, -6.87982E+02,  3.30330E+02,  1.18460E+03
1417425420 -4.40424E+03, -7.59157E+02,  4.99757E+02,  1.10795E+03
1417425480 -4.29144E+03, -8.29043E+02,  6.68323E+02,  1.03249E+03
1417425540 -4.17098E+03, -8.97448E+02,  8.35681E+02,  9.58412E+02
1417425600 -4.04270E+03, -9.64169E+02,  1.00146E+03,  8.85940E+02
1417425660 -3.90645E+03, -1.02899E+03,  1.16524E+03,  8.15296E+02
1417425720 -3.76211E+03, -1.09167E+03,  1.32658E+03,  7.46720E+02
1417425780 -3.60958E+03, -1.15197E+03,  1.48502E+03,  6.80466E+02
1417425840 -3.44881E+03, -1.20965E+03,  1.64004E+03,  6.16803E+02
1417425900 -3.27979E+03, -1.26443E+03,  1.79111E+03,  5.56009E+02
1417425960 -3.10256E+03, -1.31604E+03,  1.93767E+03,  4.98372E+02
1417426020 -2.91723E+03, -1.36420E+03,  2.07914E+03,  4.44188E+02
1417426080 -2.72395E+03, -1.40865E+03,  2.21490E+03,  3.93755E+02
1417426140 -2.52295E+03, -1.44911E+03,  2.34436E+03,  3.47370E+02
1417426200 -2.31454E+03, -1.48531E+03,  2.46689E+03,  3.05325E+02
1417426260 -2.09910E+03, -1.51700E+03,  2.58189E+03,  2.67899E+02
1417426320 -1.87709E+03, -1.54393E+03,  2.68877E+03,  2.35355E+02
1417426380 -1.64904E+03, -1.56591E+03,  2.78698E+03,  2.07933E+02
1417426440 -1.41556E+03, -1.58274E+03,  2.87599E+03,  1.85841E+02
1417426500 -1.17734E+03, -1.59428E+03,  2.95534E+03,  1.69252E+02
1417426560 -9.35106E+02, -1.60041E+03,  3.02462E+03,  1.58302E+02
1417426620 -6.89658E+02, -1.60106E+03,  3.08351E+03,  1.53082E+02
1417426680 -4.41819E+02, -1.59621E+03,  3.13176E+03,  1.53635E+02
1417426740 -1.92439E+02, -1.58586E+03,  3.16920E+03,  1.59955E+02
1417426800  5.76249E+01, -1.57009E+03,  3.19575E+03,  1.71989E+02
1417426860  3.07521E+02, -1.54900E+03,  3.21144E+03,  1.89636E+02
1417426920  5.56418E+02, -1.52274E+03,  3.21637E+03,  2.12752E+02
1417426980  8.03519E+02, -1.49147E+03,  3.21070E+03,  2.41155E+02
1417427040  1.04807E+03, -1.45543E+03,  3.19471E+03,  2.74627E+02
1417427100  1.28939E+03, -1.41483E+03,  3.16871E+03,  3.12925E+02
1417427160  1.52682E+03, -1.36995E+03,  3.13308E+03,  3.55780E+02
1417427220  1.75981E+03, -1.32105E+03,  3.08824E+03,  4.02908E+02
1417427280  1.98785E+03, -1.26842E+03,  3.03465E+03,  4.54019E+02
1417427340  2.21052E+03, -1.21234E+03,  2.97281E+03,  5.08816E+02
1417427400  2.42745E+03, -1.15311E+03,  2.90320E+03,  5.67002E+02
1417427460  2.63835E+03, -1.09100E+03,  2.82634E+03,  6.28285E+02
1417427520  2.84298E+03, -1.02630E+03,  2.74274E+03,  6.92380E+02
1417427580  3.04118E+03, -9.59267E+02,  2.65290E+03,  7.59009E+02
1417427640  3.23280E+03, -8.90158E+02,  2.55730E+03,  8.27909E+02
1417427700  3.41778E+03, -8.19216E+02,  2.45642E+03,  8.98828E+02
1417427760  3.59606E+03, -7.46669E+02,  2.35073E+03,  9.71529E+02
1417427820  3.76765E+03, -6.72731E+02,  2.24064E+03,  1.04579E+03
1417427880  3.93258E+03, -5.97604E+02,  2.12658E+03,  1.12140E+03
1417427940  4.09088E+03, -5.21471E+02,  2.00893E+03,  1.19817E+03
1417428000  4.24264E+03, -4.44506E+02,  1.88806E+03,  1.27592E+03
1417428060  4.38795E+03, -3.66865E+02,  1.76432E+03,  1.35447E+03
1417428120  4.52690E+03, -2.88696E+02,  1.63802E+03,  1.43369E+03
1417428180  4.65963E+03, -2.10131E+02,  1.50947E+03,  1.51343E+03
1417428240  4.78624E+03, -1.31292E+02,  1.37893E+03,  1.59355E+03
1417428300  4.90688E+03, -5.22917E+01,  1.24668E+03,  1.67395E+03
1417428360  5.02169E+03,  2.67688E+01,  1.11294E+03,  1.75451E+03
1417428420  5.13079E+03,  1.05797E+02,  9.77943E+02,  1.83513E+03
1417428480  5.23434E+03,  1.84708E+02,  8.41888E+02,  1.91573E+03
1417428540  5.33248E+03,  2.63427E+02,  7.04965E+02,  1.99623E+03
1417428600  5.42535E+03,  3.41883E+02,  5.67347E+02,  2.07654E+03
1417428660  5.51309E+03,  4.20014E+02,  4.29196E+02,  2.15660E+03
1417428720  5.59584E+03,  4.97763E+02,  2.90659E+02,  2.23635E+03
1417428780  5.67375E+03,  5.75079E+02,  1.51873E+02,  2.31574E+03
1417428840  5.74693E+03,  6.51915E+02,  1.29644E+01,  2.39471E+03
1417428900  5.81554E+03,  7.28230E+02, -1.25952E+02,  2.47321E+03
1417428960  5.87969E+03,  8.03986E+02, -2.64768E+02,  2.55121E+03
1417429020  5.93952E+03,  8.79149E+02, -4.03387E+02,  2.62867E+03
1417429080  5.99515E+03,  9.53688E+02, -5.41717E+02,  2.70555E+03
1417429140  6.04669E+03,  1.02758E+03, -6.79675E+02,  2.78182E+03
1417429200  6.09426E+03,  1.10079E+03, -8.17184E+02,  2.85746E+03
1417429260  6.13798E+03,  1.17330E+03, -9.54173E+02,  2.93244E+03
1417429320  6.17795E+03,  1.24510E+03, -1.09058E+03,  3.00674E+03
1417429380  6.21429E+03,  1.31616E+03, -1.22634E+03,  3.08033E+03
1417429440  6.24709E+03,  1.38648E+03, -1.36139E+03,  3.15321E+03
1417429500  6.27644E+03,  1.45603E+03, -1.49570E+03,  3.22534E+03
1417429560  6.30246E+03,  1.52480E+03, -1.62920E+03,  3.29673E+03
1417429620  6.32523E+03,  1.59278E+03, -1.76187E+03,  3.36735E+03
1417429680  6.34483E+03,  1.65997E+03, -1.89365E+03,  3.43719E+03
1417429740  6.36137E+03,  1.72636E+03, -2.02451E+03,  3.50625E+03
1417429800  6.37491E+03,  1.79193E+03, -2.15441E+03,  3.57452E+03
1417429860  6.38554E+03,  1.85668E+03, -2.28333E+03,  3.64198E+03
1417429920  6.39335E+03,  1.92061E+03, -2.41124E+03,  3.70863E+03
1417429980  6.39840E+03,  1.98371E+03, -2.53810E+03,  3.77446E+03
1417430040  6.40077E+03,  2.04598E+03, -2.66390E+03,  3.83947E+03
1417430100  6.40053E+03,  2.10742E+03, -2.78861E+03,  3.90366E+03
1417430160  6.39774E+03,  2.16802E+03, -2.91221E+03,  3.96701E+03
1417430220  6.39248E+03,  2.22778E+03, -3.03468E+03,  4.02953E+03
1417430280  6.38481E+03,  2.28669E+03, -3.15601E+03,  4.09122E+03
1417430340  6.37479E+03,  2.34477E+03, -3.27617E+03,  4.15207E+03
1417430400  6.36248E+03,  2.40200E+03, -3.39515E+03,  4.21208E+03
1417430460  6.34794E+03,  2.45839E+03, -3.51294E+03,  4.27124E+03
1417430520  6.33123E+03,  2.51394E+03, -3.62952E+03,  4.32957E+03
1417430580  6.31239E+03,  2.56865E+03, -3.74489E+03,  4.38705E+03
1417430640  6.29149E+03,  2.62252E+03, -3.85902E+03,  4.44369E+03
1417430700  6.26857E+03,  2.67554E+03, -3.97192E+03,  4.49948E+03
1417430760  6.24369E+03,  2.72773E+03, -4.08357E+03,  4.55443E+03
1417430820  6.21689E+03,  2.77907E+03, -4.19397E+03,  4.60854E+03
1417430880  6.18821E+03,  2.82959E+03, -4.30310E+03,  4.66181E+03
1417430940  6.15771E+03,  2.87926E+03, -4.41096E+03,  4.71424E+03
1417431000  6.12543E+03,  2.92811E+03, -4.51754E+03,  4.76582E+03
1417431060  6.09140E+03,  2.97612E+03, -4.62283E+03,  4.81657E+03
1417431120  6.05569E+03,  3.02330E+03, -4.72684E+03,  4.86648E+03
1417431180  6.01831E+03,  3.06966E+03, -4.82955E+03,  4.91556E+03
1417431240  5.97931E+03,  3.11519E+03, -4.93096E+03,  4.96380E+03
1417431300  5.93874E+03,  3.15990E+03, -5.03107E+03,  5.01121E+03
1417431360  5.89662E+03,  3.20378E+03, -5.12986E+03,  5.05779E+03
1417431420  5.85300E+03,  3.24685E+03, -5.22735E+03,  5.10353E+03
1417431480  5.80790E+03,  3.28911E+03, -5.32352E+03,  5.14845E+03
1417431540  5.76137E+03,  3.33055E+03, -5.41837E+03,  5.19255E+03
1417431600  5.71344E+03,  3.37118E+03, -5.51190E+03,  5.23582E+03
1417431660  5.66413E+03,  3.41100E+03, -5.60410E+03,  5.27827E+03
1417431720  5.61348E+03,  3.45001E+03, -5.69498E+03,  5.31990E+03
1417431780  5.56153E+03,  3.48822E+03, -5.78453E+03,  5.36071E+03
1417431840  5.50830E+03,  3.52563E+03, -5.87275E+03,  5.40070E+03
1417431900  5.45381E+03,  3.56224E+03, -5.95964E+03,  5.43988E+03
1417431960  5.39811E+03,  3.59806E+03, -6.04519E+03,  5.47825E+03
1417432020  5.34122E+03,  3.63308E+03, -6.12940E+03,  5.51581E+03
1417432080  5.28316E+03,  3.66730E+03, -6.21228E+03,  5.55256E+03
1417432140  5.22396E+03,  3.70074E+03, -6.29382E+03,  5.58851E+03
1417432200  5.16365E+03,  3.73340E+03, -6.37402E+03,  5.62365E+03
1417432260  5.10226E+03,  3.76526E+03, -6.45287E+03,  5.65799E+03
1417432320  5.03980E+03,  3.79635E+03, -6.53038E+03,  5.69153E+03
1417432380  4.97631E+03,  3.82666E+03, -6.60655E+03,  5.72427E+03
1417432440  4.91181E+03,  3.85618E+03, -6.68138E+03,  5.75621E+03
1417432500  4.84631E+03,  3.88494E+03, -6.75485E+03,  5.78737E+03
1417432560  4.77986E+03,  3.91292E+03, -6.82698E+03,  5.81772E+03
1417432620  4.71245E+03,  3.94013E+03, -6.89776E+03,  5.84729E+03
1417432680  4.64413E+03,  3.96656E+03, -6.96720E+03,  5.87607E+03
1417432740  4.57491E+03,  3.99224E+03, -7.03528E+03,  5.90406E+03
1417432800  4.50481E+03,  4.01714E+03, -7.10201E+03,  5.93127E+03
1417432860  4.43385E+03,  4.04129E+03, -7.16739E+03,  5.95769E+03
1417432920  4.36206E+03,  4.06467E+03, -7.23142E+03,  5.98333E+03
1417432980  4.28945E+03,  4.08729E+03, -7.29409E+03,  6.00819E+03
1417433040  4.21605E+03,  4.10916E+03, -7.35541E+03,  6.03228E+03
1417433100  4.14186E+03,  4.13027E+03, -7.41538E+03,  6.05558E+03
1417433160  4.06693E+03,  4.15063E+03, -7.47398E+03,  6.07811E+03
1417433220  3.99125E+03,  4.17023E+03, -7.53123E+03,  6.09986E+03
1417433280  3.91485E+03,  4.18908E+03, -7.58713E+03,  6.12084E+03
1417433340  3.83776E+03,  4.20719E+03, -7.64166E+03,  6.14105E+03
1417433400  3.75998E+03,  4.22454E+03, -7.69483E+03,  6.16049E+03
1417433460  3.68153E+03,  4.24116E+03, -7.74664E+03,  6.17916E+03
1417433520  3.60244E+03,  4.25702E+03, -7.79709E+03,  6.19706E+03
1417433580  3.52272E+03,  4.27215E+03, -7.84617E+03,  6.21419E+03
1417433640  3.44238E+03,  4.28653E+03, -7.89389E+03,  6.23056E+03
1417433700  3.36145E+03,  4.30017E+03, -7.94024E+03,  6.24616E+03
1417433760  3.27994E+03,  4.31307E+03, -7.98523E+03,  6.26100E+03
1417433820  3.19787E+03,  4.32523E+03, -8.02884E+03,  6.27508E+03
1417433880  3.11525E+03,  4.33666E+03, -8.07109E+03,  6.28839E+03
1417433940  3.03211E+03,  4.34735E+03, -8.11196E+03,  6.30095E+03
1417434000  2.94845E+03,  4.35731E+03, -8.15146E+03,  6.31274E+03
1417434060  2.86429E+03,  4.36653E+03, -8.18958E+03,  6.32378E+03
1417434120  2.77965E+03,  4.37502E+03, -8.22633E+03,  6.33405E+03
1417434180  2.69454E+03,  4.38278E+03, -8.26169E+03,  6.34357E+03
1417434240  2.60899E+03,  4.38981E+03, -8.29568E+03,  6.35233E+03
1417434300  2.52300E+03,  4.39610E+03, -8.32828E+03,  6.36034E+03
1417434360  2.43658E+03,  4.40167E+03, -8.35950E+03,  6.36759E+03
1417434420  2.34977E+03,  4.40651E+03, -8.38933E+03,  6.37408E+03
1417434480  2.26257E+03,  4.41062E+03, -8.41777E+03,  6.37982E+03
1417434540  2.17499E+03,  4.41401E+03, -8.44482E+03,  6.38480E+03
1417434600  2.08705E+03,  4.41666E+03, -8.47048E+03,  6.38903E+03
1417434660  1.99877E+03,  4.41859E+03, -8.49474E+03,  6.39250E+03
1417434720  1.91016E+03,  4.41980E+03, -8.51760E+03,  6.39522E+03
1417434780  1.82123E+03,  4.42028E+03, -8.53906E+03,  6.39718E+03
1417434840  1.73201E+03,  4.42003E+03, -8.55912E+03,  6.39840E+03
1417434900  1.64250E+03,  4.41906E+03, -8.57777E+03,  6.39885E+03
1417434960  1.55272E+03,  4.41737E+03, -8.59501E+03,  6.39856E+03
1417435020  1.46269E+03,  4.41495E+03, -8.61084E+03,  6.39751E+03
1417435080  1.37241E+03,  4.41180E+03, -8.62525E+03,  6.39571E+03
1417435140  1.28191E+03,  4.40794E+03, -8.63824E+03,  6.39315E+03
1417435200  1.19120E+03,  4.40334E+03, -8.64981E+03,  6.38984E+03
1417435260  1.10029E+03,  4.39803E+03, -8.65996E+03,  6.38577E+03
1417435320  1.00919E+03,  4.39199E+03, -8.66868E+03,  6.38095E+03
1417435380  9.17934E+02,  4.38522E+03, -8.67596E+03,  6.37538E+03
1417435440  8.26523E+02,  4.37774E+03, -8.68181E+03,  6.36905E+03
1417435500  7.34974E+02,  4.36952E+03, -8.68622E+03,  6.36197E+03
1417435560  6.43303E+02,  4.36059E+03, -8.68918E+03,  6.35412E+03
1417435620  5.51524E+02,  4.35092E+03, -8.69070E+03,  6.34553E+03
1417435680  4.59652E+02,  4.34054E+03, -8.69076E+03,  6.33617E+03
1417435740  3.67703E+02,  4.32942E+03, -8.68937E+03,  6.32606E+03
1417435800  2.75691E+02,  4.31758E+03, -8.68652E+03,  6.31519E+03
1417435860  1.83632E+02,  4.30502E+03, -8.68220E+03,  6.30356E+03
1417435920  9.15419E+01,  4.29173E+03, -8.67642E+03,  6.29117E+03
1417435980 -5.64541E-01,  4.27771E+03, -8.66916E+03,  6.27801E+03
1417436040 -9.26715E+01,  4.26296E+03, -8.66042E+03,  6.26410E+03
1417436100 -1.84763E+02,  4.24748E+03, -8.65020E+03,  6.24943E+03
1417436160 -2.76824E+02,  4.23128E+03, -8.63849E+03,  6.23399E+03
1417436220 -3.68837E+02,  4.21434E+03, -8.62528E+03,  6.21778E+03
1417436280 -4.60787E+02,  4.19667E+03, -8.61058E+03,  6.20081E+03
1417436340 -5.52658E+02,  4.17828E+03, -8.59437E+03,  6.18308E+03
1417436400 -6.44431E+02,  4.15914E+03, -8.57665E+03,  6.16457E+03
1417436460 -7.36092E+02,  4.13928E+03, -8.55741E+03,  6.14530E+03
1417436520 -8.27623E+02,  4.11868E+03, -8.53665E+03,  6.12525E+03
1417436580 -9.19006E+02,  4.09735E+03, -8.51437E+03,  6.10444E+03
1417436640 -1.01022E+03,  4.07528E+03, -8.49055E+03,  6.08285E+03
1417436700 -1.10126E+03,  4.05247E+03, -8.46519E+03,  6.06049E+03
1417436760 -1.19210E+03,  4.02892E+03, -8.43829E+03,  6.03735E+03
1417436820 -1.28271E+03,  4.00463E+03, -8.40983E+03,  6.01344E+03
1417436880 -1.37310E+03,  3.97961E+03, -8.37981E+03,  5.98874E+03
1417436940 -1.46322E+03,  3.95384E+03, -8.34823E+03,  5.96327E+03
1417437000 -1.55307E+03,  3.92732E+03, -8.31507E+03,  5.93701E+03
1417437060 -1.64263E+03,  3.90006E+03, -8.28034E+03,  5.90997E+03
1417437120 -1.73187E+03,  3.87206E+03, -8.24401E+03,  5.88214E+03
1417437180 -1.82078E+03,  3.84331E+03, -8.20609E+03,  5.85353E+03
1417437240 -1.90933E+03,  3.81381E+03, -8.16657E+03,  5.82413E+03
1417437300 -1.99751E+03,  3.78356E+03, -8.12544E+03,  5.79394E+03
1417437360 -2.08529E+03,  3.75256E+03, -8.08270E+03,  5.76296E+03
1417437420 -2.17266E+03,  3.72080E+03, -8.03833E+03,  5.73118E+03
1417437480 -2.25958E+03,  3.68829E+03, -7.99232E+03,  5.69860E+03
1417437540 -2.34604E+03,  3.65503E+03, -7.94467E+03,  5.66523E+03
1417437600 -2.43202E+03,  3.62100E+03, -7.89537E+03,  5.63106E+03
1417437660 -2.51748E+03,  3.58622E+03, -7.84442E+03,  5.59609E+03
1417437720 -2.60241E+03,  3.55068E+03, -7.79179E+03,  5.56031E+03
1417437780 -2.68679E+03,  3.51437E+03, -7.73750E+03,  5.52373E+03
1417437840 -2.77058E+03,  3.47731E+03, -7.68151E+03,  5.48634E+03
1417437900 -2.85376E+03,  3.43947E+03, -7.62383E+03,  5.44814E+03
1417437960 -2.93630E+03,  3.40087E+03, -7.56445E+03,  5.40912E+03
1417438020 -3.01818E+03,  3.36150E+03, -7.50336E+03,  5.36930E+03
1417438080 -3.09937E+03,  3.32136E+03, -7.44055E+03,  5.32866E+03
1417438140 -3.17984E+03,  3.28045E+03, -7.37600E+03,  5.28720E+03
1417438200 -3.25956E+03,  3.23877E+03, -7.30971E+03,  5.24492E+03
1417438260 -3.33850E+03,  3.19631E+03, -7.24167E+03,  5.20182E+03
1417438320 -3.41664E+03,  3.15308E+03, -7.17187E+03,  5.15789E+03
1417438380 -3.49392E+03,  3.10907E+03, -7.10030E+03,  5.11314E+03
1417438440 -3.57034E+03,  3.06428E+03, -7.02695E+03,  5.06756E+03
1417438500 -3.64584E+03,  3.01871E+03, -6.95181E+03,  5.02116E+03
1417438560 -3.72041E+03,  2.97236E+03, -6.87486E+03,  4.97392E+03
1417438620 -3.79399E+03,  2.92523E+03, -6.79610E+03,  4.92585E+03
1417438680 -3.86656E+03,  2.87731E+03, -6.71552E+03,  4.87694E+03
1417438740 -3.93807E+03,  2.82861E+03, -6.63311E+03,  4.82720E+03
1417438800 -4.00849E+03,  2.77912E+03, -6.54885E+03,  4.77662E+03
1417438860 -4.07778E+03,  2.72885E+03, -6.46273E+03,  4.72520E+03
1417438920 -4.14589E+03,  2.67779E+03, -6.37475E+03,  4.67294E+03
1417438980 -4.21279E+03,  2.62595E+03, -6.28490E+03,  4.61984E+03
1417439040 -4.27842E+03,  2.57332E+03, -6.19315E+03,  4.56590E+03
1417439100 -4.34274E+03,  2.51990E+03, -6.09951E+03,  4.51111E+03
1417439160 -4.40571E+03,  2.46569E+03, -6.00397E+03,  4.45548E+03
1417439220 -4.46727E+03,  2.41070E+03, -5.90650E+03,  4.39901E+03
1417439280 -4.52737E+03,  2.35492E+03, -5.80710E+03,  4.34169E+03
1417439340 -4.58597E+03,  2.29835E+03, -5.70577E+03,  4.28353E+03
1417439400 -4.64300E+03,  2.24100E+03, -5.60248E+03,  4.22453E+03
1417439460 -4.69841E+03,  2.18287E+03, -5.49724E+03,  4.16468E+03
1417439520 -4.75214E+03,  2.12396E+03, -5.39003E+03,  4.10400E+03
1417439580 -4.80413E+03,  2.06427E+03, -5.28085E+03,  4.04247E+03
1417439640 -4.85432E+03,  2.00381E+03, -5.16968E+03,  3.98011E+03
1417439700 -4.90264E+03,  1.94257E+03, -5.05651E+03,  3.91691E+03
1417439760 -4.94902E+03,  1.88057E+03, -4.94135E+03,  3.85288E+03
1417439820 -4.99339E+03,  1.81780E+03, -4.82418E+03,  3.78802E+03
1417439880 -5.03568E+03,  1.75428E+03, -4.70499E+03,  3.72234E+03
1417439940 -5.07582E+03,  1.69000E+03, -4.58379E+03,  3.65584E+03
1417440000 -5.11371E+03,  1.62498E+03, -4.46056E+03,  3.58852E+03
1417440060 -5.14929E+03,  1.55922E+03, -4.33531E+03,  3.52041E+03
1417440120 -5.18246E+03,  1.49273E+03, -4.20803E+03,  3.45149E+03
1417440180 -5.21313E+03,  1.42552E+03, -4.07872E+03,  3.38178E+03
1417440240 -5.24122E+03,  1.35761E+03, -3.94738E+03,  3.31130E+03
1417440300 -5.26662E+03,  1.28900E+03, -3.81402E+03,  3.24004E+03
1417440360 -5.28923E+03,  1.21970E+03, -3.67863E+03,  3.16803E+03
1417440420 -5.30895E+03,  1.14974E+03, -3.54124E+03,  3.09528E+03
1417440480 -5.32566E+03,  1.07913E+03, -3.40183E+03,  3.02180E+03
1417440540 -5.33926E+03,  1.00788E+03, -3.26044E+03,  2.94762E+03
1417440600 -5.34962E+03,  9.36029E+02, -3.11707E+03,  2.87275E+03
1417440660 -5.35662E+03,  8.63585E+02, -2.97173E+03,  2.79721E+03
1417440720 -5.36013E+03,  7.90578E+02, -2.82446E+03,  2.72103E+03
1417440780 -5.36002E+03,  7.17036E+02, -2.67528E+03,  2.64423E+03
1417440840 -5.35614E+03,  6.42989E+02, -2.52422E+03,  2.56685E+03
1417440900 -5.34835E+03,  5.68473E+02, -2.37132E+03,  2.48892E+03
1417440960 -5.33649E+03,  4.93525E+02, -2.21661E+03,  2.41048E+03
1417441020 -5.32042E+03,  4.18186E+02, -2.06016E+03,  2.33156E+03
1417441080 -5.29996E+03,  3.42502E+02, -1.90200E+03,  2.25222E+03
1417441140 -5.27494E+03,  2.66523E+02, -1.74221E+03,  2.17249E+03
1417441200 -5.24519E+03,  1.90304E+02, -1.58086E+03,  2.09244E+03
1417441260 -5.21052E+03,  1.13907E+02, -1.41803E+03,  2.01213E+03
1417441320 -5.17075E+03,  3.73986E+01, -1.25381E+03,  1.93162E+03
1417441380 -5.12569E+03, -3.91489E+01, -1.08831E+03,  1.85100E+03
1417441440 -5.07512E+03, -1.15655E+02, -9.21645E+02,  1.77032E+03
1417441500 -5.01885E+03, -1.92031E+02, -7.53951E+02,  1.68970E+03
1417441560 -4.95667E+03, -2.68181E+02, -5.85373E+02,  1.60921E+03
1417441620 -4.88836E+03, -3.43999E+02, -4.16078E+02,  1.52898E+03
1417441680 -4.81371E+03, -4.19371E+02, -2.46251E+02,  1.44911E+03
1417441740 -4.73250E+03, -4.94172E+02, -7.60959E+01,  1.36974E+03
1417441800 -4.64451E+03, -5.68266E+02,  9.41587E+01,  1.29100E+03
1417441860 -4.54954E+03, -6.41504E+02,  2.64261E+02,  1.21304E+03
1417441920 -4.44737E+03, -7.13727E+02,  4.33933E+02,  1.13603E+03
1417441980 -4.33780E+03, -7.84763E+02,  6.02870E+02,  1.06014E+03
1417442040 -4.22063E+03, -8.54424E+02,  7.70737E+02,  9.85577E+02
1417442100 -4.09570E+03, -9.22513E+02,  9.37168E+02,  9.12533E+02
1417442160 -3.96284E+03, -9.88815E+02,  1.10177E+03,  8.41233E+02
1417442220 -3.82192E+03, -1.05311E+03,  1.26410E+03,  7.71914E+02
1417442280 -3.67283E+03, -1.11515E+03,  1.42372E+03,  7.04824E+02
1417442340 -3.51551E+03, -1.17469E+03,  1.58012E+03,  6.40227E+02
1417442400 -3.34993E+03, -1.23147E+03,  1.73277E+03,  5.78398E+02
1417442460 -3.17610E+03, -1.28522E+03,  1.88114E+03,  5.19623E+02
1417442520 -2.99411E+03, -1.33567E+03,  2.02464E+03,  4.64192E+02
1417442580 -2.80408E+03, -1.38253E+03,  2.16268E+03,  4.12404E+02
1417442640 -2.60622E+03, -1.42554E+03,  2.29464E+03,  3.64555E+02
1417442700 -2.40081E+03, -1.46442E+03,  2.41992E+03,  3.20938E+02
1417442760 -2.18818E+03, -1.49890E+03,  2.53790E+03,  2.81836E+02
1417442820 -1.96878E+03, -1.52874E+03,  2.64799E+03,  2.47519E+02
1417442880 -1.74311E+03, -1.55373E+03,  2.74961E+03,  2.18234E+02
1417442940 -1.51175E+03, -1.57365E+03,  2.84223E+03,  1.94202E+02
1417443000 -1.27536E+03, -1.58834E+03,  2.92537E+03,  1.75611E+02
1417443060 -1.03465E+03, -1.59768E+03,  2.99859E+03,  1.62611E+02
1417443120 -7.90393E+02, -1.60157E+03,  3.06155E+03,  1.55308E+02
1417443180 -5.43408E+02, -1.59997E+03,  3.11395E+03,  1.53762E+02
1417443240 -2.94537E+02, -1.59286E+03,  3.15560E+03,  1.57985E+02
1417443300 -4.46371E+01, -1.58030E+03,  3.18641E+03,  1.67941E+02
1417443360  2.05435E+02, -1.56237E+03,  3.20634E+03,  1.83547E+02
1417443420  4.54839E+02, -1.53919E+03,  3.21547E+03,  2.04675E+02
1417443480  7.02763E+02, -1.51094E+03,  3.21395E+03,  2.31158E+02
1417443540  9.48440E+02, -1.47780E+03,  3.20201E+03,  2.62792E+02
1417443600  1.19115E+03, -1.44001E+03,  3.17996E+03,  2.99341E+02
1417443660  1.43024E+03, -1.39781E+03,  3.14815E+03,  3.40548E+02
1417443720  1.66511E+03, -1.35147E+03,  3.10698E+03,  3.86136E+02
1417443780  1.89524E+03, -1.30126E+03,  3.05692E+03,  4.35816E+02
1417443840  2.12018E+03, -1.24748E+03,  2.99843E+03,  4.89293E+02
1417443900  2.33954E+03, -1.19040E+03,  2.93200E+03,  5.46270E+02
1417443960  2.55300E+03, -1.13032E+03,  2.85815E+03,  6.06453E+02
1417444020  2.76031E+03, -1.06750E+03,  2.77737E+03,  6.69552E+02
1417444080  2.96126E+03, -1.00222E+03,  2.69018E+03,  7.35287E+02
1417444140  3.15572E+03, -9.34737E+02,  2.59706E+03,  8.03390E+02
1417444200  3.34357E+03, -8.65294E+02,  2.49849E+03,  8.73604E+02
1417444260  3.52477E+03, -7.94128E+02,  2.39493E+03,  9.45688E+02
1417444320  3.69930E+03, -7.21456E+02,  2.28684E+03,  1.01941E+03
1417444380  3.86718E+03, -6.47483E+02,  2.17461E+03,  1.09456E+03
1417444440  4.02843E+03, -5.72402E+02,  2.05866E+03,  1.17094E+03
1417444500  4.18313E+03, -4.96389E+02,  1.93935E+03,  1.24836E+03
1417444560  4.33135E+03, -4.19608E+02,  1.81703E+03,  1.32665E+03
1417444620  4.47321E+03, -3.42209E+02,  1.69204E+03,  1.40566E+03
1417444680  4.60880E+03, -2.64332E+02,  1.56468E+03,  1.48523E+03
1417444740  4.73825E+03, -1.86103E+02,  1.43523E+03,  1.56524E+03
1417444800  4.86168E+03, -1.07638E+02,  1.30396E+03,  1.64557E+03
1417444860  4.97924E+03, -2.90438E+01,  1.17112E+03,  1.72609E+03
1417444920  5.09106E+03,  4.95829E+01,  1.03692E+03,  1.80672E+03
1417444980  5.19727E+03,  1.28154E+02,  9.01588E+02,  1.88735E+03
1417445040  5.29803E+03,  2.06590E+02,  7.65308E+02,  1.96791E+03
1417445100  5.39347E+03,  2.84817E+02,  6.28262E+02,  2.04831E+03
1417445160  5.48374E+03,  3.62770E+02,  4.90614E+02,  2.12848E+03
1417445220  5.56897E+03,  4.40389E+02,  3.52519E+02,  2.20837E+03
1417445280  5.64930E+03,  5.17620E+02,  2.14115E+02,  2.28791E+03
1417445340  5.72487E+03,  5.94413E+02,  7.55336E+01,  2.36704E+03
1417445400  5.79581E+03,  6.70724E+02, -6.31066E+01,  2.44574E+03
1417445460  5.86226E+03,  7.46514E+02, -2.01695E+02,  2.52394E+03
1417445520  5.92433E+03,  8.21747E+02, -3.40131E+02,  2.60161E+03
1417445580  5.98215E+03,  8.96389E+02, -4.78320E+02,  2.67872E+03
1417445640  6.03584E+03,  9.70411E+02, -6.16177E+02,  2.75523E+03
1417445700  6.08552E+03,  1.04379E+03, -7.53621E+02,  2.83111E+03
1417445760  6.13131E+03,  1.11650E+03, -8.90580E+02,  2.90634E+03
1417445820  6.17330E+03,  1.18851E+03, -1.02699E+03,  2.98090E+03
1417445880  6.21162E+03,  1.25982E+03, -1.16278E+03,  3.05477E+03
1417445940  6.24636E+03,  1.33040E+03, -1.29790E+03,  3.12792E+03
1417446000  6.27762E+03,  1.40024E+03, -1.43229E+03,  3.20033E+03
1417446060  6.30550E+03,  1.46933E+03, -1.56591E+03,  3.27200E+03
1417446120  6.33009E+03,  1.53764E+03, -1.69871E+03,  3.34291E+03
1417446180  6.35148E+03,  1.60519E+03, -1.83065E+03,  3.41305E+03
1417446240  6.36977E+03,  1.67194E+03, -1.96170E+03,  3.48241E+03
1417446300  6.38503E+03,  1.73790E+03, -2.09180E+03,  3.55097E+03
1417446360  6.39735E+03,  1.80306E+03, -2.22095E+03,  3.61873E+03
1417446420  6.40680E+03,  1.86741E+03, -2.34909E+03,  3.68568E+03
1417446480  6.41347E+03,  1.93095E+03, -2.47621E+03,  3.75182E+03
1417446540  6.41742E+03,  1.99367E+03, -2.60229E+03,  3.81714E+03
1417446600  6.41873E+03,  2.05557E+03, -2.72728E+03,  3.88164E+03
1417446660  6.41748E+03,  2.11665E+03, -2.85119E+03,  3.94530E+03
1417446720  6.41371E+03,  2.17690E+03, -2.97398E+03,  4.00814E+03
1417446780  6.40750E+03,  2.23632E+03, -3.09563E+03,  4.07013E+03
1417446840  6.39892E+03,  2.29491E+03, -3.21613E+03,  4.13129E+03
1417446900  6.38802E+03,  2.35268E+03, -3.33547E+03,  4.19162E+03
1417446960  6.37486E+03,  2.40960E+03, -3.45363E+03,  4.25109E+03
1417447020  6.35950E+03,  2.46570E+03, -3.57059E+03,  4.30973E+03
1417447080  6.34199E+03,  2.52097E+03, -3.68634E+03,  4.36753E+03
1417447140  6.32239E+03,  2.57540E+03, -3.80088E+03,  4.42448E+03
1417447200  6.30075E+03,  2.62900E+03, -3.91419E+03,  4.48059E+03
1417447260  6.27712E+03,  2.68177E+03, -4.02625E+03,  4.53585E+03
1417447320  6.25155E+03,  2.73371E+03, -4.13708E+03,  4.59028E+03
1417447380  6.22408E+03,  2.78482E+03, -4.24664E+03,  4.64386E+03
1417447440  6.19476E+03,  2.83511E+03, -4.35494E+03,  4.69660E+03
1417447500  6.16364E+03,  2.88457E+03, -4.46198E+03,  4.74849E+03
1417447560  6.13076E+03,  2.93321E+03, -4.56773E+03,  4.79955E+03
1417447620  6.09615E+03,  2.98102E+03, -4.67220E+03,  4.84978E+03
1417447680  6.05987E+03,  3.02801E+03, -4.77539E+03,  4.89916E+03
1417447740  6.02195E+03,  3.07419E+03, -4.87728E+03,  4.94771E+03
1417447800  5.98243E+03,  3.11954E+03, -4.97788E+03,  4.99543E+03
1417447860  5.94135E+03,  3.16409E+03, -5.07717E+03,  5.04231E+03
1417447920  5.89874E+03,  3.20782E+03, -5.17515E+03,  5.08837E+03
1417447980  5.85464E+03,  3.25074E+03, -5.27183E+03,  5.13359E+03
1417448040  5.80908E+03,  3.29285E+03, -5.36719E+03,  5.17799E+03
1417448100  5.76210E+03,  3.33416E+03, -5.46124E+03,  5.22157E+03
1417448160  5.71374E+03,  3.37466E+03, -5.55397E+03,  5.26432E+03
1417448220  5.66401E+03,  3.41436E+03, -5.64538E+03,  5.30626E+03
1417448280  5.61296E+03,  3.45327E+03, -5.73547E+03,  5.34737E+03
1417448340  5.56061E+03,  3.49137E+03, -5.82423E+03,  5.38767E+03
1417448400  5.50699E+03,  3.52868E+03, -5.91166E+03,  5.42715E+03
1417448460  5.45214E+03,  3.56520E+03, -5.99776E+03,  5.46582E+03
1417448520  5.39608E+03,  3.60093E+03, -6.08253E+03,  5.50368E+03
1417448580  5.33883E+03,  3.63587E+03, -6.16597E+03,  5.54073E+03
1417448640  5.28043E+03,  3.67003E+03, -6.24807E+03,  5.57697E+03
1417448700  5.22091E+03,  3.70340E+03, -6.32884E+03,  5.61241E+03
1417448760  5.16028E+03,  3.73599E+03, -6.40827E+03,  5.64705E+03
1417448820  5.09857E+03,  3.76780E+03, -6.48636E+03,  5.68088E+03
1417448880  5.03581E+03,  3.79884E+03, -6.56311E+03,  5.71392E+03
1417448940  4.97203E+03,  3.82910E+03, -6.63852E+03,  5.74616E+03
1417449000  4.90724E+03,  3.85859E+03, -6.71259E+03,  5.77761E+03
1417449060  4.84147E+03,  3.88730E+03, -6.78531E+03,  5.80826E+03
1417449120  4.77474E+03,  3.91525E+03, -6.85670E+03,  5.83812E+03
1417449180  4.70707E+03,  3.94244E+03, -6.92673E+03,  5.86719E+03
1417449240  4.63849E+03,  3.96885E+03, -6.99542E+03,  5.89548E+03
1417449300  4.56902E+03,  3.99451E+03, -7.06277E+03,  5.92298E+03
1417449360  4.49868E+03,  4.01940E+03, -7.12876E+03,  5.94969E+03
1417449420  4.42749E+03,  4.04354E+03, -7.19341E+03,  5.97562E+03
1417449480  4.35546E+03,  4.06692E+03, -7.25670E+03,  6.00077E+03
1417449540  4.28263E+03,  4.08954E+03, -7.31865E+03,  6.02514E+03
1417449600  4.20900E+03,  4.11141E+03, -7.37925E+03,  6.04873E+03
1417449660  4.13461E+03,  4.13253E+03, -7.43849E+03,  6.07155E+03
1417449720  4.05946E+03,  4.15289E+03, -7.49638E+03,  6.09359E+03
1417449780  3.98358E+03,  4.17251E+03, -7.55291E+03,  6.11485E+03
1417449840  3.90698E+03,  4.19138E+03, -7.60809E+03,  6.13535E+03
1417449900  3.82969E+03,  4.20950E+03, -7.66191E+03,  6.15507E+03
1417449960  3.75172E+03,  4.22688E+03, -7.71437E+03,  6.17403E+03
1417450020  3.67309E+03,  4.24352E+03, -7.76547E+03,  6.19222E+03
1417450080  3.59382E+03,  4.25941E+03, -7.81521E+03,  6.20963E+03
1417450140  3.51392E+03,  4.27457E+03, -7.86360E+03,  6.22629E+03
1417450200  3.43341E+03,  4.28898E+03, -7.91061E+03,  6.24217E+03
1417450260  3.35230E+03,  4.30266E+03, -7.95627E+03,  6.25730E+03
1417450320  3.27063E+03,  4.31560E+03, -8.00055E+03,  6.27166E+03
1417450380  3.18839E+03,  4.32780E+03, -8.04347E+03,  6.28526E+03
1417450440  3.10562E+03,  4.33927E+03, -8.08502E+03,  6.29809E+03
1417450500  3.02231E+03,  4.35000E+03, -8.12521E+03,  6.31017E+03
1417450560  2.93850E+03,  4.36000E+03, -8.16401E+03,  6.32149E+03
1417450620  2.85419E+03,  4.36927E+03, -8.20145E+03,  6.33205E+03
1417450680  2.76940E+03,  4.37781E+03, -8.23751E+03,  6.34185E+03
1417450740  2.68415E+03,  4.38562E+03, -8.27219E+03,  6.35089E+03
1417450800  2.59845E+03,  4.39270E+03, -8.30549E+03,  6.35918E+03
1417450860  2.51232E+03,  4.39905E+03, -8.33741E+03,  6.36671E+03
1417450920  2.42577E+03,  4.40467E+03, -8.36795E+03,  6.37348E+03
1417450980  2.33882E+03,  4.40956E+03, -8.39710E+03,  6.37950E+03
1417451040  2.25149E+03,  4.41372E+03, -8.42486E+03,  6.38476E+03
1417451100  2.16378E+03,  4.41716E+03, -8.45123E+03,  6.38927E+03
1417451160  2.07572E+03,  4.41987E+03, -8.47621E+03,  6.39303E+03
1417451220  1.98731E+03,  4.42186E+03, -8.49979E+03,  6.39603E+03
1417451280  1.89858E+03,  4.42312E+03, -8.52198E+03,  6.39828E+03
1417451340  1.80953E+03,  4.42366E+03, -8.54276E+03,  6.39977E+03
1417451400  1.72019E+03,  4.42347E+03, -8.56215E+03,  6.40051E+03
1417451460  1.63056E+03,  4.42255E+03, -8.58012E+03,  6.40049E+03
1417451520  1.54067E+03,  4.42091E+03, -8.59669E+03,  6.39973E+03
1417451580  1.45052E+03,  4.41855E+03, -8.61184E+03,  6.39820E+03
1417451640  1.36013E+03,  4.41546E+03, -8.62558E+03,  6.39593E+03
1417451700  1.26952E+03,  4.41165E+03, -8.63790E+03,  6.39290E+03
1417451760  1.17871E+03,  4.40711E+03, -8.64879E+03,  6.38912E+03
1417451820  1.08769E+03,  4.40184E+03, -8.65826E+03,  6.38458E+03
1417451880  9.96497E+02,  4.39586E+03, -8.66631E+03,  6.37929E+03
1417451940  9.05138E+02,  4.38914E+03, -8.67292E+03,  6.37324E+03
1417452000  8.13629E+02,  4.38171E+03, -8.67809E+03,  6.36644E+03
1417452060  7.21985E+02,  4.37354E+03, -8.68182E+03,  6.35888E+03
1417452120  6.30219E+02,  4.36465E+03, -8.68411E+03,  6.35057E+03
1417452180  5.38349E+02,  4.35504E+03, -8.68495E+03,  6.34149E+03
1417452240  4.46387E+02,  4.34469E+03, -8.68433E+03,  6.33167E+03
1417452300  3.54351E+02,  4.33362E+03, -8.68226E+03,  6.32108E+03
1417452360  2.62254E+02,  4.32183E+03, -8.67873E+03,  6.30973E+03
1417452420  1.70112E+02,  4.30930E+03, -8.67373E+03,  6.29763E+03
1417452480  7.79410E+01,  4.29605E+03, -8.66726E+03,  6.28476E+03
1417452540 -1.42439E+01,  4.28206E+03, -8.65932E+03,  6.27113E+03
1417452600 -1.06427E+02,  4.26735E+03, -8.64989E+03,  6.25674E+03
1417452660 -1.98592E+02,  4.25190E+03, -8.63898E+03,  6.24159E+03
1417452720 -2.90724E+02,  4.23572E+03, -8.62658E+03,  6.22567E+03
1417452780 -3.82806E+02,  4.21881E+03, -8.61269E+03,  6.20899E+03
1417452840 -4.74822E+02,  4.20117E+03, -8.59729E+03,  6.19154E+03
1417452900 -5.66756E+02,  4.18279E+03, -8.58039E+03,  6.17332E+03
1417452960 -6.58590E+02,  4.16368E+03, -8.56197E+03,  6.15434E+03
1417453020 -7.50308E+02,  4.14382E+03, -8.54203E+03,  6.13459E+03
1417453080 -8.41894E+02,  4.12324E+03, -8.52058E+03,  6.11406E+03
1417453140 -9.33328E+02,  4.10191E+03, -8.49759E+03,  6.09276E+03
1417453200 -1.02460E+03,  4.07984E+03, -8.47306E+03,  6.07069E+03
1417453260 -1.11568E+03,  4.05703E+03, -8.44699E+03,  6.04785E+03
1417453320 -1.20655E+03,  4.03348E+03, -8.41937E+03,  6.02422E+03
1417453380 -1.29721E+03,  4.00919E+03, -8.39020E+03,  5.99982E+03
1417453440 -1.38762E+03,  3.98415E+03, -8.35946E+03,  5.97464E+03
1417453500 -1.47778E+03,  3.95836E+03, -8.32716E+03,  5.94868E+03
1417453560 -1.56766E+03,  3.93183E+03, -8.29328E+03,  5.92193E+03
1417453620 -1.65723E+03,  3.90455E+03, -8.25781E+03,  5.89440E+03
1417453680 -1.74649E+03,  3.87651E+03, -8.22076E+03,  5.86608E+03
1417453740 -1.83541E+03,  3.84773E+03, -8.18210E+03,  5.83698E+03
1417453800 -1.92398E+03,  3.81819E+03, -8.14184E+03,  5.80709E+03
1417453860 -2.01216E+03,  3.78790E+03, -8.09997E+03,  5.77640E+03
1417453920 -2.09994E+03,  3.75685E+03, -8.05647E+03,  5.74492E+03
1417453980 -2.18729E+03,  3.72504E+03, -8.01135E+03,  5.71265E+03
1417454040 -2.27420E+03,  3.69247E+03, -7.96458E+03,  5.67958E+03
1417454100 -2.36065E+03,  3.65914E+03, -7.91617E+03,  5.64571E+03
1417454160 -2.44659E+03,  3.62505E+03, -7.86611E+03,  5.61103E+03
1417454220 -2.53203E+03,  3.59019E+03, -7.81438E+03,  5.57556E+03
1417454280 -2.61692E+03,  3.55456E+03, -7.76098E+03,  5.53928E+03
1417454340 -2.70125E+03,  3.51817E+03, -7.70590E+03,  5.50220E+03
1417454400 -2.78498E+03,  3.48101E+03, -7.64913E+03,  5.46430E+03
1417454460 -2.86810E+03,  3.44307E+03, -7.59066E+03,  5.42559E+03
1417454520 -2.95058E+03,  3.40436E+03, -7.53048E+03,  5.38607E+03
1417454580 -3.03238E+03,  3.36488E+03, -7.46858E+03,  5.34574E+03
1417454640 -3.11348E+03,  3.32462E+03, -7.40496E+03,  5.30459E+03
1417454700 -3.19386E+03,  3.28358E+03, -7.33959E+03,  5.26262E+03
1417454760 -3.27347E+03,  3.24176E+03, -7.27248E+03,  5.21983E+03
1417454820 -3.35229E+03,  3.19916E+03, -7.20361E+03,  5.17621E+03
1417454880 -3.43030E+03,  3.15578E+03, -7.13298E+03,  5.13177E+03
1417454940 -3.50745E+03,  3.11161E+03, -7.06057E+03,  5.08651E+03
1417455000 -3.58371E+03,  3.06665E+03, -6.98637E+03,  5.04041E+03
1417455060 -3.65906E+03,  3.02091E+03, -6.91037E+03,  4.99349E+03
1417455120 -3.73345E+03,  2.97437E+03, -6.83256E+03,  4.94573E+03
1417455180 -3.80684E+03,  2.92705E+03, -6.75293E+03,  4.89714E+03
1417455240 -3.87920E+03,  2.87893E+03, -6.67147E+03,  4.84771E+03
1417455300 -3.95050E+03,  2.83003E+03, -6.58817E+03,  4.79744E+03
1417455360 -4.02069E+03,  2.78032E+03, -6.50302E+03,  4.74634E+03
1417455420 -4.08973E+03,  2.72983E+03, -6.41600E+03,  4.69440E+03
1417455480 -4.15757E+03,  2.67853E+03, -6.32712E+03,  4.64161E+03
1417455540 -4.22418E+03,  2.62644E+03, -6.23635E+03,  4.58799E+03
1417455600 -4.28951E+03,  2.57356E+03, -6.14368E+03,  4.53352E+03
1417455660 -4.35351E+03,  2.51988E+03, -6.04911E+03,  4.47821E+03
1417455720 -4.41613E+03,  2.46540E+03, -5.95262E+03,  4.42205E+03
1417455780 -4.47733E+03,  2.41012E+03, -5.85421E+03,  4.36505E+03
1417455840 -4.53705E+03,  2.35405E+03, -5.75385E+03,  4.30721E+03
1417455900 -4.59523E+03,  2.29718E+03, -5.65156E+03,  4.24852E+03
1417455960 -4.65183E+03,  2.23952E+03, -5.54730E+03,  4.18899E+03
1417456020 -4.70678E+03,  2.18107E+03, -5.44108E+03,  4.12862E+03
1417456080 -4.76002E+03,  2.12182E+03, -5.33288E+03,  4.06741E+03
1417456140 -4.81149E+03,  2.06179E+03, -5.22270E+03,  4.00536E+03
1417456200 -4.86113E+03,  2.00097E+03, -5.11053E+03,  3.94247E+03
1417456260 -4.90887E+03,  1.93937E+03, -4.99635E+03,  3.87875E+03
1417456320 -4.95464E+03,  1.87699E+03, -4.88017E+03,  3.81420E+03
1417456380 -4.99837E+03,  1.81384E+03, -4.76197E+03,  3.74883E+03
1417456440 -5.03998E+03,  1.74992E+03, -4.64175E+03,  3.68263E+03
1417456500 -5.07939E+03,  1.68523E+03, -4.51951E+03,  3.61562E+03
1417456560 -5.11652E+03,  1.61979E+03, -4.39524E+03,  3.54780E+03
1417456620 -5.15129E+03,  1.55361E+03, -4.26893E+03,  3.47918E+03
1417456680 -5.18361E+03,  1.48668E+03, -4.14059E+03,  3.40977E+03
1417456740 -5.21339E+03,  1.41903E+03, -4.01022E+03,  3.33957E+03
1417456800 -5.24053E+03,  1.35065E+03, -3.87782E+03,  3.26860E+03
1417456860 -5.26494E+03,  1.28157E+03, -3.74339E+03,  3.19687E+03
1417456920 -5.28650E+03,  1.21180E+03, -3.60694E+03,  3.12439E+03
1417456980 -5.30511E+03,  1.14136E+03, -3.46847E+03,  3.05118E+03
1417457040 -5.32065E+03,  1.07025E+03, -3.32800E+03,  2.97725E+03
1417457100 -5.33302E+03,  9.98510E+02, -3.18554E+03,  2.90263E+03
1417457160 -5.34209E+03,  9.26148E+02, -3.04110E+03,  2.82733E+03
1417457220 -5.34772E+03,  8.53191E+02, -2.89472E+03,  2.75138E+03
1417457280 -5.34980E+03,  7.79667E+02, -2.74640E+03,  2.67480E+03
1417457340 -5.34817E+03,  7.05604E+02, -2.59618E+03,  2.59763E+03
1417457400 -5.34270E+03,  6.31033E+02, -2.44409E+03,  2.51989E+03
1417457460 -5.33323E+03,  5.55991E+02, -2.29018E+03,  2.44163E+03
1417457520 -5.31961E+03,  4.80517E+02, -2.13448E+03,  2.36287E+03
1417457580 -5.30168E+03,  4.04654E+02, -1.97705E+03,  2.28367E+03
1417457640 -5.27926E+03,  3.28449E+02, -1.81796E+03,  2.20406E+03
1417457700 -5.25220E+03,  2.51955E+02, -1.65726E+03,  2.12412E+03
1417457760 -5.22029E+03,  1.75230E+02, -1.49503E+03,  2.04388E+03
1417457820 -5.18336E+03,  9.83364E+01, -1.33137E+03,  1.96342E+03
1417457880 -5.14122E+03,  2.13451E+01, -1.16638E+03,  1.88281E+03
1417457940 -5.09366E+03, -5.56679E+01, -1.00015E+03,  1.80212E+03
1417458000 -5.04048E+03, -1.32619E+02, -8.32830E+02,  1.72144E+03
1417458060 -4.98148E+03, -2.09415E+02, -6.64550E+02,  1.64087E+03
1417458120 -4.91643E+03, -2.85956E+02, -4.95469E+02,  1.56050E+03
1417458180 -4.84513E+03, -3.62132E+02, -3.25763E+02,  1.48046E+03
1417458240 -4.76736E+03, -4.37823E+02, -1.55630E+02,  1.40085E+03
1417458300 -4.68289E+03, -5.12898E+02,  1.47140E+01,  1.32182E+03
1417458360 -4.59152E+03, -5.87215E+02,  1.85026E+02,  1.24352E+03
1417458420 -4.49303E+03, -6.60619E+02,  3.55041E+02,  1.16609E+03
1417458480 -4.38721E+03, -7.32944E+02,  5.24465E+02,  1.08972E+03
1417458540 -4.27386E+03, -8.04010E+02,  6.92975E+02,  1.01459E+03
1417458600 -4.15280E+03, -8.73623E+02,  8.60220E+02,  9.40903E+02
1417458660 -4.02386E+03, -9.41577E+02,  1.02582E+03,  8.68872E+02
1417458720 -3.88690E+03, -1.00765E+03,  1.18935E+03,  7.98726E+02
1417458780 -3.74179E+03, -1.07161E+03,  1.35037E+03,  7.30711E+02
1417458840 -3.58845E+03, -1.13321E+03,  1.50839E+03,  6.65086E+02
1417458900 -3.42684E+03, -1.19220E+03,  1.66291E+03,  6.02120E+02
1417458960 -3.25694E+03, -1.24830E+03,  1.81339E+03,  5.42095E+02
1417459020 -3.07881E+03, -1.30125E+03,  1.95925E+03,  4.85302E+02
1417459080 -2.89255E+03, -1.35076E+03,  2.09992E+03,  4.32036E+02
1417459140 -2.69834E+03, -1.39656E+03,  2.23478E+03,  3.82595E+02
1417459200 -2.49642E+03, -1.43838E+03,  2.36323E+03,  3.37274E+02
1417459260 -2.28710E+03, -1.47593E+03,  2.48464E+03,  2.96362E+02
1417459320 -2.07078E+03, -1.50897E+03,  2.59842E+03,  2.60132E+02
1417459380 -1.84793E+03, -1.53726E+03,  2.70398E+03,  2.28843E+02
1417459440 -1.61910E+03, -1.56058E+03,  2.80077E+03,  2.02726E+02
1417459500 -1.38492E+03, -1.57876E+03,  2.88828E+03,  1.81981E+02
1417459560 -1.14607E+03, -1.59164E+03,  2.96605E+03,  1.66774E+02
1417459620 -9.03300E+02, -1.59912E+03,  3.03369E+03,  1.57225E+02
1417459680 -6.57417E+02, -1.60111E+03,  3.09090E+03,  1.53413E+02
1417459740 -4.09253E+02, -1.59760E+03,  3.13743E+03,  1.55371E+02
1417459800 -1.59659E+02, -1.58861E+03,  3.17314E+03,  1.63081E+02
1417459860  9.05049E+01, -1.57419E+03,  3.19798E+03,  1.76479E+02
1417459920  3.40391E+02, -1.55446E+03,  3.21198E+03,  1.95453E+02
1417459980  5.89172E+02, -1.52956E+03,  3.21525E+03,  2.19850E+02
1417460040  8.36057E+02, -1.49967E+03,  3.20800E+03,  2.49477E+02
1417460100  1.08030E+03, -1.46500E+03,  3.19049E+03,  2.84111E+02
1417460160  1.32122E+03, -1.42579E+03,  3.16305E+03,  3.23503E+02
1417460220  1.55820E+03, -1.38230E+03,  3.12609E+03,  3.67383E+02
1417460280  1.79067E+03, -1.33479E+03,  3.08003E+03,  4.15466E+02
1417460340  2.01815E+03, -1.28356E+03,  3.02533E+03,  4.67461E+02
1417460400  2.24023E+03, -1.22888E+03,  2.96248E+03,  5.23071E+02
1417460460  2.45656E+03, -1.17103E+03,  2.89199E+03,  5.82000E+02
1417460520  2.66686E+03, -1.11031E+03,  2.81436E+03,  6.43957E+02
1417460580  2.87089E+03, -1.04697E+03,  2.73010E+03,  7.08659E+02
1417460640  3.06850E+03, -9.81293E+02,  2.63971E+03,  7.75834E+02
1417460700  3.25956E+03, -9.13516E+02,  2.54367E+03,  8.45219E+02
1417460760  3.44400E+03, -8.43884E+02,  2.44244E+03,  9.16567E+02
1417460820  3.62178E+03, -7.72622E+02,  2.33648E+03,  9.89645E+02
1417460880  3.79292E+03, -6.99940E+02,  2.22622E+03,  1.06423E+03
1417460940  3.95742E+03, -6.26036E+02,  2.11206E+03,  1.14012E+03
1417461000  4.11535E+03, -5.51093E+02,  1.99438E+03,  1.21713E+03
1417461060  4.26678E+03, -4.75282E+02,  1.87355E+03,  1.29508E+03
1417461120  4.41180E+03, -3.98758E+02,  1.74990E+03,  1.37380E+03
1417461180  4.55052E+03, -3.21667E+02,  1.62375E+03,  1.45314E+03
1417461240  4.68306E+03, -2.44141E+02,  1.49539E+03,  1.53298E+03
1417461300  4.80953E+03, -1.66300E+02,  1.36510E+03,  1.61317E+03
1417461360  4.93007E+03, -8.82568E+01,  1.23312E+03,  1.69361E+03
1417461420  5.04481E+03, -1.01118E+01,  1.09969E+03,  1.77419E+03
1417461480  5.15390E+03,  6.80424E+01,  9.65028E+02,  1.85481E+03
1417461540  5.25748E+03,  1.46122E+02,  8.29336E+02,  1.93539E+03
1417461600  5.35568E+03,  2.24049E+02,  6.92797E+02,  2.01584E+03
1417461660  5.44864E+03,  3.01756E+02,  5.55583E+02,  2.09610E+03
1417461720  5.53651E+03,  3.79179E+02,  4.17852E+02,  2.17609E+03
1417461780  5.61943E+03,  4.56260E+02,  2.79748E+02,  2.25576E+03
1417461840  5.69753E+03,  5.32948E+02,  1.41407E+02,  2.33505E+03
1417461900  5.77094E+03,  6.09196E+02,  2.95264E+00,  2.41390E+03
1417461960  5.83980E+03,  6.84961E+02, -1.35502E+02,  2.49229E+03
1417462020  5.90423E+03,  7.60206E+02, -2.73852E+02,  2.57016E+03
1417462080  5.96435E+03,  8.34895E+02, -4.11999E+02,  2.64748E+03
1417462140  6.02030E+03,  9.08997E+02, -5.49855E+02,  2.72422E+03
1417462200  6.07219E+03,  9.82485E+02, -6.87338E+02,  2.80034E+03
1417462260  6.12012E+03,  1.05533E+03, -8.24370E+02,  2.87582E+03
1417462320  6.16423E+03,  1.12752E+03, -9.60884E+02,  2.95064E+03
1417462380  6.20460E+03,  1.19902E+03, -1.09681E+03,  3.02477E+03
1417462440  6.24134E+03,  1.26982E+03, -1.23210E+03,  3.09819E+03
1417462500  6.27457E+03,  1.33990E+03, -1.36669E+03,  3.17088E+03
1417462560  6.30437E+03,  1.40925E+03, -1.50053E+03,  3.24284E+03
1417462620  6.33083E+03,  1.47785E+03, -1.63357E+03,  3.31404E+03
1417462680  6.35406E+03,  1.54570E+03, -1.76578E+03,  3.38447E+03
1417462740  6.37414E+03,  1.61277E+03, -1.89711E+03,  3.45413E+03
1417462800  6.39116E+03,  1.67908E+03, -2.02752E+03,  3.52299E+03
1417462860  6.40519E+03,  1.74460E+03, -2.15699E+03,  3.59106E+03
1417462920  6.41632E+03,  1.80932E+03, -2.28547E+03,  3.65833E+03
1417462980  6.42463E+03,  1.87325E+03, -2.41295E+03,  3.72478E+03
1417463040  6.43018E+03,  1.93638E+03, -2.53940E+03,  3.79041E+03
1417463100  6.43307E+03,  1.99870E+03, -2.66478E+03,  3.85522E+03
1417463160  6.43334E+03,  2.06021E+03, -2.78908E+03,  3.91921E+03
1417463220  6.43108E+03,  2.12091E+03, -2.91228E+03,  3.98236E+03
1417463280  6.42634E+03,  2.18079E+03, -3.03436E+03,  4.04468E+03
1417463340  6.41919E+03,  2.23986E+03, -3.15530E+03,  4.10616E+03
1417463400  6.40970E+03,  2.29810E+03, -3.27508E+03,  4.16680E+03
1417463460  6.39792E+03,  2.35553E+03, -3.39369E+03,  4.22660E+03
1417463520  6.38390E+03,  2.41213E+03, -3.51112E+03,  4.28557E+03
1417463580  6.36771E+03,  2.46791E+03, -3.62734E+03,  4.34368E+03
1417463640  6.34940E+03,  2.52287E+03, -3.74236E+03,  4.40096E+03
1417463700  6.32903E+03,  2.57700E+03, -3.85616E+03,  4.45739E+03
1417463760  6.30663E+03,  2.63032E+03, -3.96872E+03,  4.51298E+03
1417463820  6.28227E+03,  2.68281E+03, -4.08005E+03,  4.56773E+03
1417463880  6.25598E+03,  2.73448E+03, -4.19012E+03,  4.62163E+03
1417463940  6.22782E+03,  2.78534E+03, -4.29894E+03,  4.67469E+03
1417464000  6.19784E+03,  2.83537E+03, -4.40650E+03,  4.72692E+03
1417464060  6.16607E+03,  2.88459E+03, -4.51278E+03,  4.77830E+03
1417464120  6.13255E+03,  2.93300E+03, -4.61779E+03,  4.82884E+03
1417464180  6.09733E+03,  2.98059E+03, -4.72151E+03,  4.87855E+03
1417464240  6.06046E+03,  3.02736E+03, -4.82395E+03,  4.92742E+03
1417464300  6.02196E+03,  3.07333E+03, -4.92509E+03,  4.97546E+03
1417464360  5.98187E+03,  3.11849E+03, -5.02493E+03,  5.02266E+03
1417464420  5.94024E+03,  3.16285E+03, -5.12348E+03,  5.06904E+03
1417464480  5.89710E+03,  3.20640E+03, -5.22072E+03,  5.11458E+03
1417464540  5.85248E+03,  3.24914E+03, -5.31665E+03,  5.15930E+03
1417464600  5.80641E+03,  3.29109E+03, -5.41126E+03,  5.20319E+03
1417464660  5.75894E+03,  3.33224E+03, -5.50457E+03,  5.24626E+03
1417464720  5.71009E+03,  3.37259E+03, -5.59655E+03,  5.28851E+03
1417464780  5.65990E+03,  3.41215E+03, -5.68722E+03,  5.32994E+03
1417464840  5.60839E+03,  3.45091E+03, -5.77656E+03,  5.37055E+03
1417464900  5.55559E+03,  3.48888E+03, -5.86458E+03,  5.41034E+03
1417464960  5.50154E+03,  3.52607E+03, -5.95127E+03,  5.44932E+03
1417465020  5.44626E+03,  3.56247E+03, -6.03663E+03,  5.48749E+03
1417465080  5.38979E+03,  3.59809E+03, -6.12066E+03,  5.52485E+03
1417465140  5.33214E+03,  3.63293E+03, -6.20336E+03,  5.56141E+03
1417465200  5.27335E+03,  3.66698E+03, -6.28473E+03,  5.59716E+03
1417465260  5.21344E+03,  3.70026E+03, -6.36476E+03,  5.63210E+03
1417465320  5.15243E+03,  3.73276E+03, -6.44346E+03,  5.66624E+03
1417465380  5.09036E+03,  3.76449E+03, -6.52082E+03,  5.69959E+03
1417465440  5.02724E+03,  3.79545E+03, -6.59684E+03,  5.73213E+03
1417465500  4.96310E+03,  3.82564E+03, -6.67152E+03,  5.76388E+03
1417465560  4.89797E+03,  3.85507E+03, -6.74486E+03,  5.79484E+03
1417465620  4.83186E+03,  3.88372E+03, -6.81686E+03,  5.82500E+03
1417465680  4.76480E+03,  3.91161E+03, -6.88751E+03,  5.85438E+03
1417465740  4.69681E+03,  3.93875E+03, -6.95683E+03,  5.88296E+03
1417465800  4.62792E+03,  3.96512E+03, -7.02479E+03,  5.91076E+03
1417465860  4.55813E+03,  3.99073E+03, -7.09141E+03,  5.93778E+03
1417465920  4.48749E+03,  4.01559E+03, -7.15669E+03,  5.96401E+03
1417465980  4.41600E+03,  4.03969E+03, -7.22061E+03,  5.98946E+03
1417466040  4.34368E+03,  4.06303E+03, -7.28319E+03,  6.01412E+03
1417466100  4.27056E+03,  4.08563E+03, -7.34441E+03,  6.03801E+03
1417466160  4.19666E+03,  4.10748E+03, -7.40429E+03,  6.06113E+03
1417466220  4.12198E+03,  4.12858E+03, -7.46281E+03,  6.08347E+03
1417466280  4.04657E+03,  4.14893E+03, -7.51998E+03,  6.10503E+03
1417466340  3.97042E+03,  4.16853E+03, -7.57580E+03,  6.12582E+03
1417466400  3.89356E+03,  4.18740E+03, -7.63026E+03,  6.14584E+03
1417466460  3.81602E+03,  4.20551E+03, -7.68337E+03,  6.16509E+03
1417466520  3.73779E+03,  4.22289E+03, -7.73512E+03,  6.18356E+03
1417466580  3.65892E+03,  4.23953E+03, -7.78550E+03,  6.20128E+03
1417466640  3.57940E+03,  4.25543E+03, -7.83453E+03,  6.21822E+03
1417466700  3.49926E+03,  4.27059E+03, -7.88220E+03,  6.23440E+03
1417466760  3.41852E+03,  4.28501E+03, -7.92850E+03,  6.24982E+03
1417466820  3.33719E+03,  4.29870E+03, -7.97344E+03,  6.26447E+03
1417466880  3.25528E+03,  4.31165E+03, -8.01702E+03,  6.27836E+03
1417466940  3.17282E+03,  4.32387E+03, -8.05923E+03,  6.29149E+03
1417467000  3.08983E+03,  4.33535E+03, -8.10006E+03,  6.30385E+03
1417467060  3.00631E+03,  4.34611E+03, -8.13953E+03,  6.31546E+03
1417467120  2.92228E+03,  4.35613E+03, -8.17763E+03,  6.32631E+03
1417467180  2.83776E+03,  4.36542E+03, -8.21435E+03,  6.33640E+03
1417467240  2.75277E+03,  4.37398E+03, -8.24969E+03,  6.34573E+03
1417467300  2.66732E+03,  4.38182E+03, -8.28366E+03,  6.35430E+03
1417467360  2.58142E+03,  4.38892E+03, -8.31625E+03,  6.36212E+03
1417467420  2.49510E+03,  4.39530E+03, -8.34745E+03,  6.36918E+03
1417467480  2.40836E+03,  4.40095E+03, -8.37727E+03,  6.37549E+03
1417467540  2.32122E+03,  4.40588E+03, -8.40571E+03,  6.38104E+03
1417467600  2.23367E+03,  4.41003E+03, -8.43278E+03,  6.38584E+03
1417467660  2.14578E+03,  4.41351E+03, -8.45843E+03,  6.38988E+03
1417467720  2.05754E+03,  4.41625E+03, -8.48269E+03,  6.39317E+03
1417467780  1.96895E+03,  4.41827E+03, -8.50555E+03,  6.39570E+03
1417467840  1.88005E+03,  4.41957E+03, -8.52702E+03,  6.39748E+03
1417467900  1.79083E+03,  4.42014E+03, -8.54708E+03,  6.39851E+03
1417467960  1.70132E+03,  4.41998E+03, -8.56574E+03,  6.39878E+03
1417468020  1.61153E+03,  4.41910E+03, -8.58299E+03,  6.39830E+03
1417468080  1.52147E+03,  4.41750E+03, -8.59882E+03,  6.39706E+03
1417468140  1.43116E+03,  4.41517E+03, -8.61325E+03,  6.39507E+03
1417468200  1.34062E+03,  4.41212E+03, -8.62626E+03,  6.39233E+03
1417468260  1.24986E+03,  4.40834E+03, -8.63785E+03,  6.38883E+03
1417468320  1.15889E+03,  4.40383E+03, -8.64801E+03,  6.38458E+03
1417468380  1.06773E+03,  4.39861E+03, -8.65675E+03,  6.37957E+03
1417468440  9.76388E+02,  4.39265E+03, -8.66405E+03,  6.37381E+03
1417468500  8.84888E+02,  4.38597E+03, -8.66992E+03,  6.36730E+03
1417468560  7.93240E+02,  4.37857E+03, -8.67435E+03,  6.36003E+03
1417468620  7.01460E+02,  4.37043E+03, -8.67734E+03,  6.35200E+03
1417468680  6.09562E+02,  4.36157E+03, -8.67888E+03,  6.34321E+03
1417468740  5.17562E+02,  4.35199E+03, -8.67897E+03,  6.33367E+03
1417468800  4.25475E+02,  4.34167E+03, -8.67761E+03,  6.32337E+03
1417468860  3.33315E+02,  4.33063E+03, -8.67479E+03,  6.31231E+03
1417468920  2.41099E+02,  4.31886E+03, -8.67050E+03,  6.30049E+03
1417468980  1.48842E+02,  4.30635E+03, -8.66474E+03,  6.28791E+03
1417469040  5.65580E+01,  4.29312E+03, -8.65751E+03,  6.27457E+03
1417469100 -3.57358E+01,  4.27916E+03, -8.64880E+03,  6.26047E+03
1417469160 -1.28024E+02,  4.26446E+03, -8.63861E+03,  6.24561E+03
1417469220 -2.20291E+02,  4.24903E+03, -8.62693E+03,  6.22998E+03
1417469280 -3.12521E+02,  4.23286E+03, -8.61376E+03,  6.21359E+03
1417469340 -4.04696E+02,  4.21596E+03, -8.59908E+03,  6.19643E+03
1417469400 -4.96802E+02,  4.19833E+03, -8.58290E+03,  6.17850E+03
1417469460 -5.88821E+02,  4.17996E+03, -8.56521E+03,  6.15981E+03
1417469520 -6.80737E+02,  4.16085E+03, -8.54601E+03,  6.14034E+03
1417469580 -7.72532E+02,  4.14099E+03, -8.52528E+03,  6.12011E+03
1417469640 -8.64190E+02,  4.12040E+03, -8.50303E+03,  6.09910E+03
1417469700 -9.55692E+02,  4.09907E+03, -8.47924E+03,  6.07732E+03
1417469760 -1.04702E+03,  4.07700E+03, -8.45391E+03,  6.05477E+03
1417469820 -1.13816E+03,  4.05418E+03, -8.42703E+03,  6.03144E+03
1417469880 -1.22909E+03,  4.03061E+03, -8.39860E+03,  6.00733E+03
1417469940 -1.31979E+03,  4.00630E+03, -8.36861E+03,  5.98244E+03
1417470000 -1.41025E+03,  3.98123E+03, -8.33705E+03,  5.95678E+03
1417470060 -1.50044E+03,  3.95542E+03, -8.30391E+03,  5.93033E+03
1417470120 -1.59035E+03,  3.92886E+03, -8.26920E+03,  5.90309E+03
1417470180 -1.67995E+03,  3.90154E+03, -8.23290E+03,  5.87507E+03
1417470240 -1.76923E+03,  3.87347E+03, -8.19500E+03,  5.84626E+03
1417470300 -1.85816E+03,  3.84464E+03, -8.15549E+03,  5.81667E+03
1417470360 -1.94673E+03,  3.81506E+03, -8.11438E+03,  5.78628E+03
1417470420 -2.03491E+03,  3.78471E+03, -8.07165E+03,  5.75510E+03
1417470480 -2.12268E+03,  3.75361E+03, -8.02729E+03,  5.72312E+03
1417470540 -2.21001E+03,  3.72174E+03, -7.98129E+03,  5.69035E+03
1417470600 -2.29690E+03,  3.68910E+03, -7.93365E+03,  5.65678E+03
1417470660 -2.38331E+03,  3.65570E+03, -7.88436E+03,  5.62241E+03
1417470720 -2.46921E+03,  3.62153E+03, -7.83340E+03,  5.58724E+03
1417470780 -2.55460E+03,  3.58659E+03, -7.78078E+03,  5.55126E+03
1417470840 -2.63943E+03,  3.55088E+03, -7.72648E+03,  5.51448E+03
1417470900 -2.72369E+03,  3.51439E+03, -7.67049E+03,  5.47689E+03
1417470960 -2.80734E+03,  3.47713E+03, -7.61280E+03,  5.43849E+03
1417471020 -2.89037E+03,  3.43909E+03, -7.55341E+03,  5.39927E+03
1417471080 -2.97274E+03,  3.40027E+03, -7.49230E+03,  5.35925E+03
1417471140 -3.05443E+03,  3.36067E+03, -7.42946E+03,  5.31840E+03
1417471200 -3.13541E+03,  3.32028E+03, -7.36490E+03,  5.27674E+03
1417471260 -3.21565E+03,  3.27911E+03, -7.29858E+03,  5.23426E+03
1417471320 -3.29512E+03,  3.23715E+03, -7.23051E+03,  5.19095E+03
1417471380 -3.37378E+03,  3.19441E+03, -7.16068E+03,  5.14682E+03
1417471440 -3.45161E+03,  3.15087E+03, -7.08907E+03,  5.10186E+03
1417471500 -3.52857E+03,  3.10654E+03, -7.01567E+03,  5.05608E+03
1417471560 -3.60463E+03,  3.06142E+03, -6.94048E+03,  5.00947E+03
1417471620 -3.67975E+03,  3.01550E+03, -6.86348E+03,  4.96202E+03
1417471680 -3.75390E+03,  2.96879E+03, -6.78467E+03,  4.91374E+03
1417471740 -3.82704E+03,  2.92128E+03, -6.70402E+03,  4.86463E+03
1417471800 -3.89913E+03,  2.87296E+03, -6.62154E+03,  4.81468E+03
1417471860 -3.97014E+03,  2.82385E+03, -6.53721E+03,  4.76389E+03
1417471920 -4.04002E+03,  2.77393E+03, -6.45102E+03,  4.71226E+03
1417471980 -4.10873E+03,  2.72321E+03, -6.36295E+03,  4.65979E+03
1417472040 -4.17622E+03,  2.67169E+03, -6.27300E+03,  4.60648E+03
1417472100 -4.24246E+03,  2.61936E+03, -6.18116E+03,  4.55233E+03
1417472160 -4.30739E+03,  2.56622E+03, -6.08742E+03,  4.49733E+03
1417472220 -4.37097E+03,  2.51228E+03, -5.99176E+03,  4.44149E+03
1417472280 -4.43315E+03,  2.45754E+03, -5.89418E+03,  4.38481E+03
1417472340 -4.49388E+03,  2.40199E+03, -5.79466E+03,  4.32728E+03
1417472400 -4.55309E+03,  2.34563E+03, -5.69320E+03,  4.26891E+03
1417472460 -4.61075E+03,  2.28847E+03, -5.58978E+03,  4.20970E+03
1417472520 -4.66679E+03,  2.23050E+03, -5.48439E+03,  4.14964E+03
1417472580 -4.72115E+03,  2.17173E+03, -5.37703E+03,  4.08875E+03
1417472640 -4.77377E+03,  2.11217E+03, -5.26769E+03,  4.02701E+03
1417472700 -4.82459E+03,  2.05180E+03, -5.15635E+03,  3.96444E+03
1417472760 -4.87354E+03,  1.99064E+03, -5.04301E+03,  3.90103E+03
1417472820 -4.92055E+03,  1.92868E+03, -4.92766E+03,  3.83679E+03
1417472880 -4.96555E+03,  1.86594E+03, -4.81030E+03,  3.77172E+03
1417472940 -5.00846E+03,  1.80242E+03, -4.69092E+03,  3.70583E+03
1417473000 -5.04922E+03,  1.73812E+03, -4.56950E+03,  3.63913E+03
1417473060 -5.08773E+03,  1.67304E+03, -4.44606E+03,  3.57161E+03
1417473120 -5.12392E+03,  1.60720E+03, -4.32058E+03,  3.50329E+03
1417473180 -5.15769E+03,  1.54061E+03, -4.19306E+03,  3.43417E+03
1417473240 -5.18896E+03,  1.47326E+03, -4.06351E+03,  3.36427E+03
1417473300 -5.21764E+03,  1.40518E+03, -3.93192E+03,  3.29358E+03
1417473360 -5.24362E+03,  1.33637E+03, -3.79830E+03,  3.22214E+03
1417473420 -5.26679E+03,  1.26685E+03, -3.66264E+03,  3.14994E+03
1417473480 -5.28707E+03,  1.19663E+03, -3.52497E+03,  3.07700E+03
1417473540 -5.30433E+03,  1.12573E+03, -3.38528E+03,  3.00334E+03
1417473600 -5.31845E+03,  1.05416E+03, -3.24359E+03,  2.92897E+03
1417473660 -5.32932E+03,  9.81944E+02, -3.09991E+03,  2.85393E+03
1417473720 -5.33682E+03,  9.09107E+02, -2.95427E+03,  2.77822E+03
1417473780 -5.34080E+03,  8.35673E+02, -2.80669E+03,  2.70187E+03
1417473840 -5.34114E+03,  7.61667E+02, -2.65718E+03,  2.62492E+03
1417473900 -5.33768E+03,  6.87121E+02, -2.50579E+03,  2.54739E+03
1417473960 -5.33029E+03,  6.12068E+02, -2.35255E+03,  2.46932E+03
1417474020 -5.31881E+03,  5.36545E+02, -2.19750E+03,  2.39075E+03
1417474080 -5.30307E+03,  4.60594E+02, -2.04070E+03,  2.31170E+03
1417474140 -5.28292E+03,  3.84258E+02, -1.88220E+03,  2.23225E+03
1417474200 -5.25817E+03,  3.07588E+02, -1.72206E+03,  2.15242E+03
1417474260 -5.22866E+03,  2.30640E+02, -1.56036E+03,  2.07229E+03
1417474320 -5.19418E+03,  1.53473E+02, -1.39719E+03,  1.99191E+03
1417474380 -5.15456E+03,  7.61538E+01, -1.23263E+03,  1.91134E+03
1417474440 -5.10960E+03, -1.24366E+00, -1.06680E+03,  1.83068E+03
1417474500 -5.05909E+03, -7.86393E+01, -8.99811E+02,  1.74999E+03
1417474560 -5.00282E+03, -1.55945E+02, -7.31805E+02,  1.66936E+03
1417474620 -4.94058E+03, -2.33064E+02, -5.62932E+02,  1.58891E+03
1417474680 -4.87216E+03, -3.09890E+02, -3.93361E+02,  1.50873E+03
1417474740 -4.79734E+03, -3.86308E+02, -2.23281E+02,  1.42895E+03
1417474800 -4.71590E+03, -4.62191E+02, -5.29015E+01,  1.34969E+03
1417474860 -4.62761E+03, -5.37403E+02,  1.17544E+02,  1.27110E+03
1417474920 -4.53227E+03, -6.11794E+02,  2.87799E+02,  1.19333E+03
1417474980 -4.42967E+03, -6.85202E+02,  4.57579E+02,  1.11655E+03
1417475040 -4.31959E+03, -7.57452E+02,  6.26573E+02,  1.04094E+03
1417475100 -4.20186E+03, -8.28357E+02,  7.94438E+02,  9.66688E+02
1417475160 -4.07628E+03, -8.97714E+02,  9.60803E+02,  8.94019E+02
1417475220 -3.94271E+03, -9.65308E+02,  1.12526E+03,  8.23148E+02
1417475280 -3.80102E+03, -1.03091E+03,  1.28738E+03,  7.54317E+02
1417475340 -3.65111E+03, -1.09428E+03,  1.44669E+03,  6.87780E+02
1417475400 -3.49291E+03, -1.15516E+03,  1.60268E+03,  6.23801E+02
1417475460 -3.32639E+03, -1.21329E+03,  1.75484E+03,  5.62661E+02
1417475520 -3.15160E+03, -1.26840E+03,  1.90259E+03,  5.04646E+02
1417475580 -2.96861E+03, -1.32020E+03,  2.04536E+03,  4.50052E+02
1417475640 -2.77757E+03, -1.36843E+03,  2.18255E+03,  3.99176E+02
1417475700 -2.57870E+03, -1.41279E+03,  2.31355E+03,  3.52318E+02
1417475760 -2.37229E+03, -1.45302E+03,  2.43774E+03,  3.09768E+02
1417475820 -2.15869E+03, -1.48886E+03,  2.55453E+03,  2.71808E+02
1417475880 -1.93836E+03, -1.52005E+03,  2.66330E+03,  2.38702E+02
1417475940 -1.71180E+03, -1.54637E+03,  2.76351E+03,  2.10693E+02
1417476000 -1.47963E+03, -1.56762E+03,  2.85462E+03,  1.87992E+02
1417476060 -1.24250E+03, -1.58364E+03,  2.93616E+03,  1.70777E+02
1417476120 -1.00114E+03, -1.59429E+03,  3.00771E+03,  1.59188E+02
1417476180 -7.56339E+02, -1.59949E+03,  3.06893E+03,  1.53320E+02
1417476240 -5.08917E+02, -1.59919E+03,  3.11956E+03,  1.53220E+02
1417476300 -2.59721E+02, -1.59338E+03,  3.15941E+03,  1.58888E+02
1417476360 -9.61201E+00, -1.58212E+03,  3.18841E+03,  1.70277E+02
1417476420  2.40555E+02, -1.56548E+03,  3.20655E+03,  1.87291E+02
1417476480  4.89942E+02, -1.54360E+03,  3.21392E+03,  2.09791E+02
1417476540  7.37743E+02, -1.51664E+03,  3.21068E+03,  2.37600E+02
1417476600  9.83198E+02, -1.48480E+03,  3.19709E+03,  2.70506E+02
1417476660  1.22560E+03, -1.44831E+03,  3.17346E+03,  3.08266E+02
1417476720  1.46430E+03, -1.40741E+03,  3.14015E+03,  3.50617E+02
1417476780  1.69871E+03, -1.36237E+03,  3.09758E+03,  3.97278E+02
1417476840  1.92833E+03, -1.31346E+03,  3.04620E+03,  4.47958E+02
1417476900  2.15272E+03, -1.26098E+03,  2.98650E+03,  5.02361E+02
1417476960  2.37149E+03, -1.20519E+03,  2.91898E+03,  5.60189E+02
1417477020  2.58435E+03, -1.14639E+03,  2.84412E+03,  6.21148E+02
1417477080  2.79103E+03, -1.08484E+03,  2.76246E+03,  6.84952E+02
1417477140  2.99136E+03, -1.02082E+03,  2.67447E+03,  7.51324E+02
1417477200  3.18520E+03, -9.54575E+02,  2.58066E+03,  8.19997E+02
1417477260  3.37245E+03, -8.86354E+02,  2.48149E+03,  8.90718E+02
1417477320  3.55307E+03, -8.16387E+02,  2.37743E+03,  9.63248E+02
1417477380  3.72703E+03, -7.44890E+02,  2.26891E+03,  1.03736E+03
1417477440  3.89437E+03, -6.72068E+02,  2.15634E+03,  1.11285E+03
1417477500  4.05512E+03, -5.98108E+02,  2.04012E+03,  1.18952E+03
1417477560  4.20934E+03, -5.23186E+02,  1.92061E+03,  1.26719E+03
1417477620  4.35713E+03, -4.47465E+02,  1.79816E+03,  1.34569E+03
1417477680  4.49859E+03, -3.71093E+02,  1.67309E+03,  1.42486E+03
1417477740  4.63381E+03, -2.94209E+02,  1.54571E+03,  1.50457E+03
1417477800  4.76294E+03, -2.16938E+02,  1.41629E+03,  1.58468E+03
1417477860  4.88608E+03, -1.39396E+02,  1.28509E+03,  1.66508E+03
1417477920  5.00339E+03, -6.16884E+01,  1.15235E+03,  1.74565E+03
1417477980  5.11499E+03,  1.60881E+01,  1.01831E+03,  1.82629E+03
1417478040  5.22102E+03,  9.38456E+01,  8.83153E+02,  1.90692E+03
1417478100  5.32163E+03,  1.71504E+02,  7.47084E+02,  1.98745E+03
1417478160  5.41696E+03,  2.48991E+02,  6.10274E+02,  2.06781E+03
1417478220  5.50714E+03,  3.26241E+02,  4.72888E+02,  2.14793E+03
1417478280  5.59232E+03,  4.03192E+02,  3.35074E+02,  2.22774E+03
1417478340  5.67263E+03,  4.79791E+02,  1.96971E+02,  2.30719E+03
