1417392000.00 -4945.08 -356.73 -532.72 4986.47
1417392060.00 -4873.77 -430.86 -363.46 4906.26
1417392120.00 -4796.10 -504.43 -193.74 4826.44
1417392180.00 -4711.84 -577.31 -23.75 4747.13
1417392240.00 -4620.78 -649.35 146.25 4668.47
1417392300.00 -4522.71 -720.41 316.02 4590.62
1417392360.00 -4417.44 -790.33 485.28 4513.74
1417392420.00 -4304.75 -858.91 653.70 4438.01
1417392480.00 -4184.47 -925.99 820.96 4363.63
1417392540.00 -4056.43 -991.34 986.67 4290.80
1417392600.00 -3920.48 -1054.77 1150.44 4219.74
1417392660.00 -3776.50 -1116.03 1311.83 4150.71
1417392720.00 -3624.38 -1174.89 1470.37 4083.93
1417392780.00 -3464.09 -1231.10 1625.56 4019.70
1417392840.00 -3295.59 -1284.39 1776.87 3958.27
1417392900.00 -3118.93 -1334.51 1923.75 3899.93
1417392960.00 -2934.20 -1381.17 2065.62 3844.99
1417393020.00 -2741.55 -1424.10 2201.88 3793.73
1417393080.00 -2541.20 -1463.04 2331.92 3746.46
1417393140.00 -2333.44 -1497.71 2455.12 3703.47
1417393200.00 -2118.65 -1527.87 2570.89 3665.05
1417393260.00 -1897.26 -1553.29 2678.63 3631.44
1417393320.00 -1669.81 -1573.74 2777.78 3602.92
1417393380.00 -1436.89 -1589.05 2867.81 3579.67
1417393440.00 -1199.17 -1599.07 2948.24 3561.90
1417393500.00 -957.37 -1603.67 3018.66 3549.74
1417393560.00 -712.29 -1602.80 3078.73 3543.29
1417393620.00 -464.74 -1596.42 3128.17 3542.60
1417393680.00 -215.57 -1584.54 3166.82 3547.68
1417393740.00 34.37 -1567.24 3194.59 3558.48
1417393800.00 284.21 -1544.61 3211.46 3574.92
1417393860.00 533.12 -1516.80 3217.53 3596.86
1417393920.00 780.30 -1483.99 3212.98 3624.13
1417393980.00 1024.99 -1446.40 3198.03 3656.51
1417394040.00 1266.49 -1404.26 3173.02 3693.78
1417394100.00 1504.15 -1357.83 3138.31 3735.66
1417394160.00 1737.39 -1307.40 3094.31 3781.88
1417394220.00 1965.72 -1253.25 3041.49 3832.15
1417394280.00 2188.68 -1195.66 2980.33 3886.17
1417394340.00 2405.92 -1134.94 2911.32 3943.64
1417394400.00 2617.13 -1071.35 2834.98 4004.28
1417394460.00 2822.06 -1005.20 2751.81 4067.79
1417394520.00 3020.54 -936.73 2662.32 4133.90
1417394580.00 3212.43 -866.22 2567.01 4202.33
1417394640.00 3397.65 -793.91 2466.35 4272.84
1417394700.00 3576.15 -720.02 2360.79 4345.18
1417394760.00 3747.92 -644.77 2250.79 4419.13
1417394820.00 3912.99 -568.38 2136.75 4494.47
1417394880.00 4071.42 -491.01 2019.08 4571.02
1417394940.00 4223.26 -412.85 1898.13 4648.58
1417395000.00 4368.61 -334.06 1774.27 4726.98
1417395060.00 4507.58 -254.78 1647.81 4806.08
1417395120.00 4640.28 -175.14 1519.05 4885.73
1417395180.00 4766.83 -95.28 1388.29 4965.80
1417395240.00 4887.38 -15.29 1255.77 5046.16
1417395300.00 5002.06 64.71 1121.75 5126.70
1417395360.00 5111.01 144.64 986.44 5207.34
1417395420.00 5214.37 224.41 850.06 5287.97
1417395480.00 5312.28 303.94 712.79 5368.50
1417395540.00 5404.91 383.17 574.81 5448.87
1417395600.00 5492.37 462.04 436.29 5529.01
1417395660.00 5574.82 540.48 297.37 5608.85
1417395720.00 5652.40 618.44 158.20 5688.33
1417395780.00 5725.24 695.89 18.89 5767.41
1417395840.00 5793.48 772.77 -120.43 5846.03
1417395900.00 5857.25 849.06 -259.65 5924.16
1417395960.00 5916.67 924.72 -398.68 6001.75
1417396020.00 5971.87 999.72 -537.42 6078.77
1417396080.00 6022.97 1074.03 -675.79 6155.20
1417396140.00 6070.09 1147.63 -813.71 6230.99
1417396200.00 6113.35 1220.50 -951.11 6306.13
1417396260.00 6152.84 1292.61 -1087.92 6380.59
1417396320.00 6188.69 1363.96 -1224.08 6454.35
1417396380.00 6220.98 1434.53 -1359.54 6527.39
1417396440.00 6249.83 1504.30 -1494.24 6599.70
1417396500.00 6275.33 1573.26 -1628.14 6671.26
1417396560.00 6297.57 1641.41 -1761.19 6742.06
1417396620.00 6316.65 1708.73 -1893.35 6812.09
1417396680.00 6332.64 1775.21 -2024.59 6881.33
1417396740.00 6345.65 1840.86 -2154.87 6949.78
1417396800.00 6355.74 1905.66 -2284.15 7017.43
1417396860.00 6362.99 1969.61 -2412.42 7084.26
1417396920.00 6367.49 2032.71 -2539.64 7150.29
1417396980.00 6369.31 2094.95 -2665.78 7215.49
1417397040.00 6368.51 2156.33 -2790.83 7279.86
1417397100.00 6365.17 2216.85 -2914.77 7343.41
1417397160.00 6359.36 2276.51 -3037.56 7406.13
1417397220.00 6351.13 2335.31 -3159.21 7468.01
1417397280.00 6340.56 2393.24 -3279.68 7529.05
1417397340.00 6327.69 2450.30 -3398.97 7589.25
1417397400.00 6312.60 2506.51 -3517.05 7648.61
1417397460.00 6295.34 2561.85 -3633.93 7707.13
1417397520.00 6275.95 2616.33 -3749.58 7764.80
1417397580.00 6254.51 2669.95 -3864.00 7821.63
1417397640.00 6231.05 2722.71 -3977.17 7877.62
1417397700.00 6205.62 2774.61 -4089.08 7932.77
1417397760.00 6178.29 2825.65 -4199.73 7987.07
1417397820.00 6149.08 2875.85 -4309.12 8040.53
1417397880.00 6118.06 2925.19 -4417.22 8093.15
1417397940.00 6085.25 2973.68 -4524.04 8144.93
1417398000.00 6050.71 3021.32 -4629.56 8195.88
1417398060.00 6014.48 3068.12 -4733.79 8245.98
1417398120.00 5976.60 3114.08 -4836.72 8295.25
1417398180.00 5937.11 3159.19 -4938.34 8343.68
1417398240.00 5896.04 3203.47 -5038.65 8391.28
1417398300.00 5853.44 3246.92 -5137.65 8438.05
1417398360.00 5809.33 3289.53 -5235.33 8483.99
1417398420.00 5763.76 3331.32 -5331.69 8529.10
1417398480.00 5716.76 3372.28 -5426.72 8573.38
1417398540.00 5668.36 3412.41 -5520.42 8616.84
1417398600.00 5618.60 3451.72 -5612.80 8659.48
1417398660.00 5567.51 3490.22 -5703.84 8701.30
1417398720.00 5515.11 3527.90 -5793.55 8742.30
1417398780.00 5461.45 3564.77 -5881.92 8782.48
1417398840.00 5406.54 3600.83 -5968.95 8821.85
1417398900.00 5350.42 3636.08 -6054.64 8860.41
1417398960.00 5293.12 3670.53 -6139.00 8898.15
1417399020.00 5234.65 3704.18 -6222.00 8935.09
1417399080.00 5175.06 3737.02 -6303.67 8971.22
1417399140.00 5114.37 3769.07 -6383.99 9006.55
1417399200.00 5052.59 3800.33 -6462.96 9041.08
1417399260.00 4989.77 3830.80 -6540.58 9074.80
1417399320.00 4925.92 3860.48 -6616.86 9107.73
1417399380.00 4861.06 3889.37 -6691.78 9139.86
1417399440.00 4795.22 3917.48 -6765.36 9171.19
1417399500.00 4728.42 3944.80 -6837.58 9201.74
1417399560.00 4660.69 3971.35 -6908.45 9231.49
1417399620.00 4592.05 3997.12 -6977.97 9260.45
1417399680.00 4522.52 4022.12 -7046.13 9288.63
1417399740.00 4452.12 4046.35 -7112.94 9316.01
1417399800.00 4380.87 4069.80 -7178.39 9342.62
1417399860.00 4308.79 4092.49 -7242.48 9368.44
1417399920.00 4235.91 4114.42 -7305.22 9393.49
1417399980.00 4162.23 4135.58 -7366.60 9417.75
1417400040.00 4087.79 4155.97 -7426.62 9441.23
1417400100.00 4012.61 4175.61 -7485.28 9463.94
1417400160.00 3936.69 4194.49 -7542.58 9485.88
1417400220.00 3860.07 4212.62 -7598.52 9507.04
1417400280.00 3782.75 4229.99 -7653.10 9527.43
1417400340.00 3704.76 4246.61 -7706.31 9547.05
1417400400.00 3626.11 4262.48 -7758.16 9565.90
1417400460.00 3546.82 4277.60 -7808.64 9583.98
1417400520.00 3466.92 4291.97 -7857.75 9601.29
1417400580.00 3386.41 4305.60 -7905.50 9617.84
1417400640.00 3305.31 4318.49 -7951.87 9633.62
1417400700.00 3223.64 4330.63 -7996.88 9648.64
1417400760.00 3141.43 4342.03 -8040.52 9662.90
1417400820.00 3058.67 4352.69 -8082.78 9676.39
1417400880.00 2975.40 4362.61 -8123.66 9689.13
1417400940.00 2891.62 4371.79 -8163.17 9701.10
1417401000.00 2807.35 4380.24 -8201.31 9712.32
1417401060.00 2722.61 4387.95 -8238.06 9722.77
1417401120.00 2637.42 4394.93 -8273.43 9732.47
1417401180.00 2551.78 4401.17 -8307.42 9741.41
1417401240.00 2465.72 4406.68 -8340.02 9749.59
1417401300.00 2379.25 4411.47 -8371.24 9757.02
1417401360.00 2292.38 4415.52 -8401.07 9763.69
1417401420.00 2205.13 4418.84 -8429.50 9769.61
1417401480.00 2117.52 4421.43 -8456.55 9774.77
1417401540.00 2029.56 4423.30 -8482.20 9779.18
1417401600.00 1941.27 4424.44 -8506.45 9782.83
1417401660.00 1852.65 4424.85 -8529.30 9785.73
1417401720.00 1763.73 4424.53 -8550.75 9787.88
1417401780.00 1674.52 4423.49 -8570.79 9789.27
1417401840.00 1585.04 4421.73 -8589.43 9789.91
1417401900.00 1495.29 4419.24 -8606.65 9789.79
1417401960.00 1405.30 4416.03 -8622.46 9788.92
1417402020.00 1315.08 4412.09 -8636.86 9787.30
1417402080.00 1224.64 4407.43 -8649.83 9784.92
1417402140.00 1134.00 4402.05 -8661.38 9781.79
1417402200.00 1043.17 4395.94 -8671.51 9777.91
1417402260.00 952.17 4389.11 -8680.20 9773.27
1417402320.00 861.02 4381.56 -8687.47 9767.88
1417402380.00 769.72 4373.28 -8693.29 9761.73
1417402440.00 678.29 4364.28 -8697.68 9754.83
1417402500.00 586.75 4354.56 -8700.62 9747.17
1417402560.00 495.11 4344.12 -8702.12 9738.75
1417402620.00 403.38 4332.95 -8702.16 9729.58
1417402680.00 311.59 4321.06 -8700.74 9719.65
1417402740.00 219.75 4308.44 -8697.87 9708.96
1417402800.00 127.87 4295.11 -8693.53 9697.51
1417402860.00 35.97 4281.04 -8687.72 9685.31
1417402920.00 -55.94 4266.26 -8680.44 9672.34
1417402980.00 -147.84 4250.75 -8671.68 9658.61
1417403040.00 -239.72 4234.51 -8661.44 9644.12
1417403100.00 -331.56 4217.55 -8649.71 9628.87
1417403160.00 -423.33 4199.86 -8636.48 9612.85
1417403220.00 -515.04 4181.44 -8621.76 9596.07
1417403280.00 -606.66 4162.30 -8605.53 9578.52
1417403340.00 -698.17 4142.42 -8587.80 9560.20
1417403400.00 -789.56 4121.82 -8568.55 9541.11
1417403460.00 -880.81 4100.49 -8547.78 9521.26
1417403520.00 -971.90 4078.43 -8525.48 9500.63
1417403580.00 -1062.82 4055.64 -8501.65 9479.23
1417403640.00 -1153.55 4032.11 -8476.28 9457.06
1417403700.00 -1244.07 4007.86 -8449.37 9434.11
1417403760.00 -1334.36 3982.86 -8420.90 9410.38
1417403820.00 -1424.40 3957.14 -8390.88 9385.88
1417403880.00 -1514.18 3930.67 -8359.29 9360.59
1417403940.00 -1603.68 3903.47 -8326.14 9334.53
1417404000.00 -1692.87 3875.53 -8291.40 9307.68
1417404060.00 -1781.74 3846.86 -8255.08 9280.05
1417404120.00 -1870.27 3817.44 -8217.17 9251.63
1417404180.00 -1958.44 3787.28 -8177.66 9222.42
1417404240.00 -2046.22 3756.38 -8136.54 9192.43
1417404300.00 -2133.60 3724.73 -8093.81 9161.64
1417404360.00 -2220.55 3692.34 -8049.45 9130.05
1417404420.00 -2307.05 3659.21 -8003.47 9097.68
1417404480.00 -2393.08 3625.32 -7955.84 9064.50
1417404540.00 -2478.62 3590.69 -7906.57 9030.53
1417404600.00 -2563.64 3555.30 -7855.64 8995.75
1417404660.00 -2648.11 3519.17 -7803.05 8960.17
1417404720.00 -2732.02 3482.28 -7748.79 8923.79
1417404780.00 -2815.34 3444.64 -7692.85 8886.60
1417404840.00 -2898.05 3406.25 -7635.21 8848.60
1417404900.00 -2980.11 3367.09 -7575.88 8809.79
1417404960.00 -3061.49 3327.18 -7514.84 8770.16
1417405020.00 -3142.18 3286.51 -7452.08 8729.72
1417405080.00 -3222.15 3245.08 -7387.60 8688.47
1417405140.00 -3301.36 3202.89 -7321.38 8646.39
1417405200.00 -3379.78 3159.94 -7253.41 8603.49
1417405260.00 -3457.38 3116.23 -7183.68 8559.77
1417405320.00 -3534.14 3071.74 -7112.19 8515.22
1417405380.00 -3610.01 3026.50 -7038.93 8469.85
1417405440.00 -3684.98 2980.48 -6963.88 8423.65
1417405500.00 -3758.99 2933.70 -6887.03 8376.62
1417405560.00 -3832.02 2886.15 -6808.37 8328.75
1417405620.00 -3904.02 2837.84 -6727.90 8280.05
1417405680.00 -3974.97 2788.75 -6645.60 8230.52
1417405740.00 -4044.82 2738.89 -6561.46 8180.15
1417405800.00 -4113.53 2688.26 -6475.47 8128.94
1417405860.00 -4181.07 2636.87 -6387.62 8076.89
1417405920.00 -4247.38 2584.70 -6297.91 8024.00
1417405980.00 -4312.42 2531.76 -6206.31 7970.26
1417406040.00 -4376.16 2478.05 -6112.82 7915.69
1417406100.00 -4438.53 2423.57 -6017.43 7860.27
1417406160.00 -4499.50 2368.33 -5920.13 7804.00
1417406220.00 -4559.01 2312.31 -5820.91 7746.90
1417406280.00 -4617.01 2255.53 -5719.76 7688.95
1417406340.00 -4673.45 2197.99 -5616.67 7630.15
1417406400.00 -4728.26 2139.68 -5511.63 7570.52
1417406460.00 -4781.40 2080.62 -5404.62 7510.04
1417406520.00 -4832.79 2020.80 -5295.65 7448.72
1417406580.00 -4882.39 1960.22 -5184.71 7386.57
1417406640.00 -4930.12 1898.90 -5071.77 7323.57
1417406700.00 -4975.91 1836.83 -4956.85 7259.75
1417406760.00 -5019.70 1774.02 -4839.92 7195.10
1417406820.00 -5061.42 1710.48 -4721.00 7129.62
1417406880.00 -5100.98 1646.21 -4600.06 7063.32
1417406940.00 -5138.31 1581.22 -4477.11 6996.21
1417407000.00 -5173.33 1515.51 -4352.14 6928.29
1417407060.00 -5205.95 1449.11 -4225.15 6859.57
1417407120.00 -5236.08 1382.02 -4096.14 6790.06
1417407180.00 -5263.64 1314.24 -3965.11 6719.76
1417407240.00 -5288.52 1245.80 -3832.07 6648.70
1417407300.00 -5310.62 1176.70 -3697.01 6576.87
1417407360.00 -5329.85 1106.96 -3559.95 6504.30
1417407420.00 -5346.09 1036.61 -3420.89 6431.00
1417407480.00 -5359.24 965.65 -3279.84 6356.99
1417407540.00 -5369.16 894.12 -3136.83 6282.28
1417407600.00 -5375.75 822.03 -2991.86 6206.90
1417407660.00 -5378.86 749.41 -2844.97 6130.87
1417407720.00 -5378.38 676.28 -2696.16 6054.22
1417407780.00 -5374.16 602.69 -2545.49 5976.98
1417407840.00 -5366.05 528.66 -2392.97 5899.18
1417407900.00 -5353.92 454.24 -2238.65 5820.85
1417407960.00 -5337.59 379.46 -2082.59 5742.04
1417408020.00 -5316.92 304.37 -1924.82 5662.79
1417408080.00 -5291.72 229.02 -1765.43 5583.14
1417408140.00 -5261.84 153.47 -1604.46 5503.16
1417408200.00 -5227.08 77.78 -1442.02 5422.90
1417408260.00 -5187.26 2.02 -1278.18 5342.42
1417408320.00 -5142.20 -73.75 -1113.05 5261.80
1417408380.00 -5091.69 -149.44 -946.74 5181.12
1417408440.00 -5035.53 -224.96 -779.39 5100.45
1417408500.00 -4973.51 -300.22 -611.14 5019.91
1417408560.00 -4905.43 -375.11 -442.15 4939.58
1417408620.00 -4831.07 -449.52 -272.59 4859.59
1417408680.00 -4750.21 -523.32 -102.68 4780.06
1417408740.00 -4662.65 -596.39 67.37 4701.12
1417408800.00 -4568.16 -668.56 237.31 4622.92
1417408860.00 -4466.55 -739.69 406.86 4545.63
1417408920.00 -4357.61 -809.61 575.74 4469.41
1417408980.00 -4241.14 -878.12 743.61 4394.46
1417409040.00 -4116.97 -945.04 910.11 4320.98
1417409100.00 -3984.95 -1010.16 1074.86 4249.19
1417409160.00 -3844.93 -1073.24 1237.44 4179.30
1417409220.00 -3696.81 -1134.06 1397.39 4111.59
1417409280.00 -3540.51 -1192.36 1554.22 4046.29
1417409340.00 -3375.99 -1247.90 1707.42 3983.70
1417409400.00 -3203.27 -1300.40 1856.44 3924.07
1417409460.00 -3022.41 -1349.60 2000.73 3867.72
1417409520.00 -2833.53 -1395.22 2139.67 3814.94
1417409580.00 -2636.83 -1436.98 2272.68 3766.01
1417409640.00 -2432.56 -1474.62 2399.13 3721.25
1417409700.00 -2221.05 -1507.88 2518.42 3680.93
1417409760.00 -2002.73 -1536.51 2629.95 3645.32
1417409820.00 -1778.07 -1560.28 2733.13 3614.69
1417409880.00 -1547.64 -1579.01 2827.42 3589.26
1417409940.00 -1312.09 -1592.52 2912.33 3569.23
1417410000.00 -1072.11 -1600.68 2987.42 3554.75
1417410060.00 -828.47 -1603.39 3052.30 3545.95
1417410120.00 -581.97 -1600.61 3106.68 3542.90
1417410180.00 -333.45 -1592.32 3150.35 3545.61
1417410240.00 -83.76 -1578.58 3183.16 3554.08
1417410300.00 166.23 -1559.46 3205.09 3568.22
1417410360.00 415.69 -1535.08 3216.19 3587.91
1417410420.00 663.79 -1505.61 3216.58 3613.01
1417410480.00 909.76 -1471.25 3206.48 3643.32
1417410540.00 1152.87 -1432.23 3186.18 3678.60
1417410600.00 1392.44 -1388.79 3156.03 3718.62
1417410660.00 1627.87 -1341.19 3116.41 3763.08
1417410720.00 1858.63 -1289.73 3067.78 3811.72
1417410780.00 2084.24 -1234.69 3010.60 3864.23
1417410840.00 2304.30 -1176.35 2945.37 3920.31
1417410900.00 2518.49 -1115.01 2872.59 3979.67
1417410960.00 2726.54 -1050.93 2792.77 4042.03
1417411020.00 2928.23 -984.41 2706.41 4107.09
1417411080.00 3123.41 -915.69 2614.01 4174.59
1417411140.00 3311.97 -845.04 2516.06 4244.27
1417411200.00 3493.86 -772.68 2413.02 4315.87
1417411260.00 3669.05 -698.83 2305.34 4389.18
1417411320.00 3837.55 -623.71 2193.44 4463.96
1417411380.00 3999.39 -547.52 2077.74 4540.03
1417411440.00 4154.63 -470.41 1958.60 4617.18
1417411500.00 4303.37 -392.58 1836.38 4695.25
1417411560.00 4445.68 -314.16 1711.43 4774.07
1417411620.00 4581.69 -235.29 1584.05 4853.50
1417411680.00 4711.52 -156.11 1454.52 4933.40
1417411740.00 4835.30 -76.73 1323.13 5013.64
1417411800.00 4953.15 2.74 1190.11 5094.12
1417411860.00 5065.22 82.21 1055.71 5174.72
1417411920.00 5171.65 161.58 920.13 5255.35
1417411980.00 5272.58 240.78 783.58 5335.92
1417412040.00 5368.16 319.74 646.23 5416.36
1417412100.00 5458.53 398.38 508.26 5496.59
1417412160.00 5543.82 476.65 369.81 5576.55
1417412220.00 5624.19 554.50 231.04 5656.18
1417412280.00 5699.76 631.87 92.08 5735.42
1417412340.00 5770.68 708.72 -46.96 5814.22
1417412400.00 5837.06 785.01 -185.96 5892.55
1417412460.00 5899.05 860.72 -324.82 5970.35
1417412520.00 5956.76 935.80 -463.44 6047.60
1417412580.00 6010.33 1010.22 -601.73 6124.27
1417412640.00 6059.85 1083.96 -739.62 6200.31
1417412700.00 6105.46 1157.01 -877.02 6275.71
1417412760.00 6147.27 1229.33 -1013.88 6350.44
1417412820.00 6185.37 1300.91 -1150.12 6424.48
1417412880.00 6219.88 1371.73 -1285.70 6497.81
1417412940.00 6250.89 1441.78 -1420.54 6570.41
1417413000.00 6278.51 1511.05 -1554.62 6642.27
1417413060.00 6302.83 1579.52 -1687.87 6713.38
1417413120.00 6323.94 1647.19 -1820.26 6783.71
1417413180.00 6341.92 1714.04 -1951.76 6853.27
1417413240.00 6356.87 1780.07 -2082.31 6922.03
1417413300.00 6368.87 1845.28 -2211.90 6990.00
1417413360.00 6378.00 1909.65 -2340.48 7057.16
1417413420.00 6384.33 1973.18 -2468.04 7123.50
1417413480.00 6387.94 2035.87 -2594.54 7189.03
1417413540.00 6388.90 2097.72 -2719.97 7253.74
1417413600.00 6387.28 2158.72 -2844.30 7317.61
1417413660.00 6383.15 2218.88 -2967.50 7380.66
1417413720.00 6376.58 2278.18 -3089.57 7442.87
1417413780.00 6367.63 2336.63 -3210.48 7504.25
1417413840.00 6356.35 2394.23 -3330.22 7564.78
1417413900.00 6342.81 2450.98 -3448.77 7624.47
1417413960.00 6327.07 2506.87 -3566.13 7683.33
1417414020.00 6309.18 2561.92 -3682.27 7741.34
1417414080.00 6289.20 2616.11 -3797.18 7798.50
1417414140.00 6267.18 2669.45 -3910.86 7854.83
1417414200.00 6243.16 2721.95 -4023.30 7910.31
1417414260.00 6217.20 2773.60 -4134.48 7964.95
1417414320.00 6189.35 2824.41 -4244.40 8018.74
1417414380.00 6159.64 2874.37 -4353.06 8071.70
1417414440.00 6128.14 2923.49 -4460.43 8123.81
1417414500.00 6094.87 2971.77 -4566.52 8175.08
1417414560.00 6059.89 3019.21 -4671.33 8225.52
1417414620.00 6023.23 3065.82 -4774.84 8275.12
1417414680.00 5984.93 3111.59 -4877.05 8323.88
1417414740.00 5945.03 3156.54 -4977.96 8371.81
1417414800.00 5903.58 3200.65 -5077.56 8418.91
1417414860.00 5860.60 3243.94 -5175.85 8465.17
1417414920.00 5816.13 3286.41 -5272.82 8510.61
1417414980.00 5770.21 3328.06 -5368.47 8555.22
1417415040.00 5722.87 3368.89 -5462.81 8599.01
1417415100.00 5674.15 3408.90 -5555.81 8641.97
1417415160.00 5624.07 3448.10 -5647.50 8684.11
1417415220.00 5572.67 3486.49 -5737.85 8725.44
1417415280.00 5519.98 3524.08 -5826.87 8765.94
1417415340.00 5466.03 3560.86 -5914.56 8805.63
1417415400.00 5410.84 3596.83 -6000.91 8844.51
1417415460.00 5354.45 3632.01 -6085.93 8882.57
1417415520.00 5296.88 3666.39 -6169.60 8919.83
1417415580.00 5238.17 3699.97 -6251.94 8956.28
1417415640.00 5178.33 3732.77 -6332.94 8991.93
1417415700.00 5117.39 3764.77 -6412.59 9026.77
1417415760.00 5055.38 3795.98 -6490.90 9060.81
1417415820.00 4992.33 3826.41 -6567.87 9094.05
1417415880.00 4928.25 3856.06 -6643.49 9126.49
1417415940.00 4863.18 3884.93 -6717.76 9158.14
1417416000.00 4797.13 3913.02 -6790.69 9188.99
1417416060.00 4730.13 3940.33 -6862.27 9219.06
1417416120.00 4662.20 3966.87 -6932.49 9248.33
1417416180.00 4593.36 3992.64 -7001.37 9276.81
1417416240.00 4523.63 4017.64 -7068.89 9304.51
1417416300.00 4453.05 4041.87 -7135.07 9331.42
1417416360.00 4381.61 4065.33 -7199.89 9357.55
1417416420.00 4309.35 4088.04 -7263.35 9382.90
1417416480.00 4236.29 4109.98 -7325.46 9407.47
1417416540.00 4162.45 4131.17 -7386.22 9431.26
1417416600.00 4087.84 4151.59 -7445.61 9454.28
1417416660.00 4012.49 4171.26 -7503.65 9476.51
1417416720.00 3936.41 4190.18 -7560.34 9497.98
1417416780.00 3859.62 4208.34 -7615.66 9518.67
1417416840.00 3782.14 4225.76 -7669.62 9538.59
1417416900.00 3704.00 4242.43 -7722.22 9557.74
1417416960.00 3625.20 4258.34 -7773.45 9576.12
1417417020.00 3545.76 4273.52 -7823.32 9593.74
1417417080.00 3465.70 4287.95 -7871.83 9610.58
1417417140.00 3385.05 4301.63 -7918.97 9626.66
1417417200.00 3303.80 4314.58 -7964.74 9641.98
1417417260.00 3221.99 4326.78 -8009.15 9656.54
1417417320.00 3139.63 4338.25 -8052.18 9670.33
1417417380.00 3056.74 4348.97 -8093.84 9683.36
1417417440.00 2973.32 4358.97 -8134.13 9695.63
1417417500.00 2889.41 4368.22 -8173.04 9707.14
1417417560.00 2805.00 4376.74 -8210.57 9717.89
1417417620.00 2720.13 4384.53 -8246.73 9727.88
1417417680.00 2634.80 4391.59 -8281.50 9737.12
1417417740.00 2549.03 4397.91 -8314.90 9745.60
1417417800.00 2462.83 4403.51 -8346.90 9753.32
1417417860.00 2376.23 4408.37 -8377.53 9760.28
1417417920.00 2289.23 4412.51 -8406.76 9766.50
1417417980.00 2201.86 4415.92 -8434.60 9771.95
1417418040.00 2114.12 4418.60 -8461.05 9776.65
1417418100.00 2026.03 4420.55 -8486.11 9780.60
1417418160.00 1937.60 4421.77 -8509.77 9783.79
1417418220.00 1848.86 4422.28 -8532.02 9786.23
1417418280.00 1759.82 4422.05 -8552.88 9787.91
1417418340.00 1670.48 4421.10 -8572.33 9788.84
1417418400.00 1580.87 4419.43 -8590.37 9789.02
1417418460.00 1491.00 4417.03 -8606.99 9788.44
1417418520.00 1400.89 4413.90 -8622.21 9787.11
1417418580.00 1310.54 4410.06 -8636.01 9785.03
1417418640.00 1219.98 4405.49 -8648.38 9782.19
1417418700.00 1129.22 4400.19 -8659.34 9778.59
1417418760.00 1038.27 4394.17 -8668.86 9774.25
1417418820.00 947.14 4387.43 -8676.96 9769.15
1417418880.00 855.87 4379.97 -8683.62 9763.29
1417418940.00 764.45 4371.78 -8688.84 9756.68
1417419000.00 672.90 4362.87 -8692.62 9749.31
1417419060.00 581.24 4353.23 -8694.96 9741.19
1417419120.00 489.48 4342.87 -8695.84 9732.31
1417419180.00 397.64 4331.79 -8695.28 9722.67
1417419240.00 305.73 4319.98 -8693.25 9712.27
1417419300.00 213.77 4307.44 -8689.76 9701.12
1417419360.00 121.78 4294.18 -8684.81 9689.20
1417419420.00 29.76 4280.20 -8678.38 9676.53
1417419480.00 -62.26 4265.49 -8670.48 9663.09
1417419540.00 -154.27 4250.05 -8661.09 9648.90
1417419600.00 -246.26 4233.88 -8650.22 9633.94
1417419660.00 -338.21 4216.99 -8637.86 9618.21
1417419720.00 -430.09 4199.36 -8624.00 9601.72
1417419780.00 -521.91 4181.01 -8608.64 9584.47
1417419840.00 -613.63 4161.93 -8591.78 9566.44
1417419900.00 -705.25 4142.11 -8573.40 9547.65
1417419960.00 -796.74 4121.57 -8553.50 9528.09
1417420020.00 -888.09 4100.29 -8532.08 9507.76
1417420080.00 -979.28 4078.28 -8509.13 9486.66
1417420140.00 -1070.29 4055.53 -8484.65 9464.78
1417420200.00 -1161.12 4032.05 -8458.62 9442.13
1417420260.00 -1251.73 4007.83 -8431.04 9418.70
1417420320.00 -1342.11 3982.87 -8401.90 9394.50
1417420380.00 -1432.24 3957.18 -8371.21 9369.51
1417420440.00 -1522.10 3930.74 -8338.94 9343.74
1417420500.00 -1611.68 3903.57 -8305.10 9317.20
1417420560.00 -1700.95 3875.65 -8269.68 9289.86
1417420620.00 -1789.90 3846.99 -8232.67 9261.74
1417420680.00 -1878.50 3817.58 -8194.06 9232.84
1417420740.00 -1966.73 3787.43 -8153.84 9203.14
1417420800.00 -2054.58 3756.53 -8112.02 9172.65
1417420860.00 -2142.01 3724.88 -8068.57 9141.37
1417420920.00 -2229.02 3692.48 -8023.49 9109.30
1417420980.00 -2315.57 3659.33 -7976.78 9076.43
1417421040.00 -2401.65 3625.43 -7928.42 9042.76
1417421100.00 -2487.22 3590.77 -7878.41 9008.29
1417421160.00 -2572.27 3555.36 -7826.74 8973.02
1417421220.00 -2656.78 3519.19 -7773.40 8936.94
1417421280.00 -2740.71 3482.26 -7718.38 8900.05
1417421340.00 -2824.05 3444.57 -7661.67 8862.36
1417421400.00 -2906.76 3406.12 -7603.26 8823.86
1417421460.00 -2988.82 3366.91 -7543.15 8784.54
1417421520.00 -3070.20 3326.93 -7481.32 8744.41
1417421580.00 -3150.87 3286.19 -7417.77 8703.46
1417421640.00 -3230.81 3244.68 -7352.48 8661.70
1417421700.00 -3309.99 3202.40 -7285.44 8619.11
1417421760.00 -3388.37 3159.35 -7216.66 8575.70
1417421820.00 -3465.92 3115.53 -7146.11 8531.47
1417421880.00 -3542.61 3070.94 -7073.78 8486.41
1417421940.00 -3618.42 3025.58 -6999.67 8440.52
1417422000.00 -3693.29 2979.44 -6923.76 8393.80
1417422060.00 -3767.20 2932.52 -6846.05 8346.25
1417422120.00 -3840.12 2884.83 -6766.52 8297.87
1417422180.00 -3912.00 2836.37 -6685.17 8248.65
1417422240.00 -3982.81 2787.12 -6601.98 8198.59
1417422300.00 -4052.51 2737.10 -6516.94 8147.70
1417422360.00 -4121.05 2686.29 -6430.04 8095.97
1417422420.00 -4188.40 2634.71 -6341.28 8043.39
1417422480.00 -4254.51 2582.35 -6250.63 7989.97
1417422540.00 -4319.33 2529.20 -6158.09 7935.72
1417422600.00 -4382.82 2475.28 -6063.66 7880.61
1417422660.00 -4444.93 2420.58 -5967.31 7824.67
1417422720.00 -4505.62 2365.10 -5869.04 7767.88
1417422780.00 -4564.82 2308.85 -5768.84 7710.24
1417422840.00 -4622.49 2251.82 -5666.70 7651.77
1417422900.00 -4678.57 2194.01 -5562.60 7592.45
1417422960.00 -4733.00 2135.43 -5456.55 7532.28
1417423020.00 -4785.73 2076.08 -5348.52 7471.28
1417423080.00 -4836.69 2015.97 -5238.52 7409.44
1417423140.00 -4885.82 1955.09 -5126.53 7346.76
1417423200.00 -4933.04 1893.45 -5012.54 7283.24
1417423260.00 -4978.30 1831.06 -4896.55 7218.90
1417423320.00 -5021.53 1767.92 -4778.55 7153.73
1417423380.00 -5062.63 1704.03 -4658.54 7087.74
1417423440.00 -5101.47 1639.53 -4536.56 7020.92
1417423500.00 -5138.11 1574.17 -4412.51 6953.30
1417423560.00 -5172.40 1508.09 -4286.43 6884.88
1417423620.00 -5204.25 1441.30 -4158.33 6815.66
1417423680.00 -5233.56 1373.80 -4028.19 6745.65
1417423740.00 -5260.25 1305.62 -3896.04 6674.87
1417423800.00 -5284.20 1236.76 -3761.86 6603.33
1417423860.00 -5305.33 1167.23 -3625.66 6531.03
1417423920.00 -5323.51 1097.06 -3487.46 6458.00
1417423980.00 -5338.66 1026.26 -3347.26 6384.24
1417424040.00 -5350.63 954.86 -3205.07 6309.79
1417424100.00 -5359.32 882.86 -3060.91 6234.66
1417424160.00 -5364.60 810.31 -2914.80 6158.86
1417424220.00 -5366.33 737.22 -2766.77 6082.44
1417424280.00 -5364.39 663.62 -2616.84 6005.41
1417424340.00 -5358.63 589.55 -2465.04 5927.80
1417424400.00 -5348.89 515.05 -2311.42 5849.66
1417424460.00 -5335.03 440.15 -2156.01 5771.02
1417424520.00 -5316.89 364.89 -1998.87 5691.92
1417424580.00 -5294.30 289.33 -1840.06 5612.41
1417424640.00 -5267.08 213.52 -1679.65 5532.54
1417424700.00 -5235.07 137.51 -1517.71 5452.36
1417424760.00 -5198.06 61.38 -1354.32 5371.95
1417424820.00 -5155.89 -14.82 -1189.59 5291.36
1417424880.00 -5108.34 -91.00 -1023.62 5210.68
1417424940.00 -5055.22 -167.08 -856.53 5129.99
1417425000.00 -4996.31 -242.97 -688.48 5049.37
1417425060.00 -4931.42 -318.57 -519.60 4968.94
1417425120.00 -4860.32 -393.77 -350.07 4888.80
1417425180.00 -4782.81 -468.44 -180.09 4809.07
1417425240.00 -4698.65 -542.46 -9.87 4729.87
1417425300.00 -4607.65 -615.70 160.36 4651.37
1417425360.00 -4509.58 -687.98 330.33 4573.70
1417425420.00 -4404.25 -759.16 499.75 4497.05
1417425480.00 -4291.44 -829.04 668.32 4421.59
1417425540.00 -4170.98 -897.45 835.68 4347.51
1417425600.00 -4042.70 -964.17 1001.45 4275.04
1417425660.00 -3906.45 -1028.99 1165.24 4204.40
1417425720.00 -3762.11 -1091.67 1326.58 4135.82
1417425780.00 -3609.58 -1151.97 1485.02 4069.57
1417425840.00 -3448.81 -1209.65 1640.04 4005.90
1417425900.00 -3279.79 -1264.42 1791.11 3945.11
1417425960.00 -3102.57 -1316.04 1937.67 3887.47
1417426020.00 -2917.23 -1364.20 2079.14 3833.29
1417426080.00 -2723.95 -1408.65 2214.90 3782.86
1417426140.00 -2522.95 -1449.11 2344.35 3736.47
1417426200.00 -2314.54 -1485.31 2466.89 3694.43
1417426260.00 -2099.10 -1517.00 2581.89 3657.00
1417426320.00 -1877.09 -1543.93 2688.77 3624.46
1417426380.00 -1649.04 -1565.91 2786.98 3597.03
1417426440.00 -1415.56 -1582.74 2875.99 3574.94
1417426500.00 -1177.34 -1594.28 2955.34 3558.35
1417426560.00 -935.11 -1600.41 3024.62 3547.40
1417426620.00 -689.66 -1601.06 3083.51 3542.18
1417426680.00 -441.82 -1596.21 3131.75 3542.73
1417426740.00 -192.44 -1585.86 3169.19 3549.05
1417426800.00 57.62 -1570.09 3195.75 3561.09
1417426860.00 307.52 -1549.00 3211.44 3578.74
1417426920.00 556.41 -1522.74 3216.37 3601.85
1417426980.00 803.52 -1491.47 3210.70 3630.25
1417427040.00 1048.07 -1455.43 3194.71 3663.73
1417427100.00 1289.38 -1414.83 3168.71 3702.02
1417427160.00 1526.82 -1369.95 3133.08 3744.88
1417427220.00 1759.80 -1321.05 3088.24 3792.01
1417427280.00 1987.85 -1268.42 3034.66 3843.12
1417427340.00 2210.51 -1212.34 2972.81 3897.92
1417427400.00 2427.44 -1153.11 2903.20 3956.10
1417427460.00 2638.34 -1091.01 2826.34 4017.38
1417427520.00 2842.98 -1026.30 2742.74 4081.48
1417427580.00 3041.17 -959.27 2652.90 4148.11
1417427640.00 3232.80 -890.16 2557.30 4217.01
1417427700.00 3417.77 -819.22 2456.43 4287.93
1417427760.00 3596.06 -746.67 2350.73 4360.63
1417427820.00 3767.65 -672.73 2240.64 4434.89
1417427880.00 3932.57 -597.60 2126.58 4510.50
1417427940.00 4090.88 -521.47 2008.93 4587.27
1417428000.00 4242.64 -444.51 1888.06 4665.01
1417428060.00 4387.94 -366.87 1764.32 4743.57
1417428120.00 4526.90 -288.70 1638.02 4822.79
1417428180.00 4659.62 -210.13 1509.47 4902.52
1417428240.00 4786.24 -131.29 1378.94 4982.65
1417428300.00 4906.88 -52.29 1246.68 5063.05
1417428360.00 5021.69 26.77 1112.94 5143.61
1417428420.00 5130.79 105.80 977.95 5224.23
1417428480.00 5234.34 184.71 841.89 5304.83
1417428540.00 5332.48 263.43 704.97 5385.33
1417428600.00 5425.35 341.88 567.35 5465.64
1417428660.00 5513.09 420.01 429.20 5545.70
1417428720.00 5595.84 497.76 290.66 5625.45
1417428780.00 5673.74 575.08 151.88 5704.84
1417428840.00 5746.93 651.91 12.97 5783.80
1417428900.00 5815.54 728.23 -125.95 5862.31
1417428960.00 5879.69 803.98 -264.77 5940.31
1417429020.00 5939.52 879.15 -403.38 6017.77
1417429080.00 5995.15 953.69 -541.72 6094.65
1417429140.00 6046.69 1027.57 -679.67 6170.92
1417429200.00 6094.26 1100.79 -817.18 6246.56
1417429260.00 6137.98 1173.30 -954.17 6321.54
1417429320.00 6177.95 1245.10 -1090.57 6395.84
1417429380.00 6214.29 1316.16 -1226.33 6469.43
1417429440.00 6247.08 1386.48 -1361.39 6542.31
1417429500.00 6276.44 1456.02 -1495.70 6614.44
1417429560.00 6302.46 1524.80 -1629.20 6685.83
1417429620.00 6325.23 1592.78 -1761.86 6756.45
1417429680.00 6344.83 1659.97 -1893.64 6826.29
1417429740.00 6361.36 1726.35 -2024.50 6895.35
1417429800.00 6374.91 1791.93 -2154.41 6963.62
1417429860.00 6385.54 1856.68 -2283.33 7031.08
1417429920.00 6393.35 1920.61 -2411.24 7097.73
1417429980.00 6398.40 1983.71 -2538.10 7163.56
1417430040.00 6400.77 2045.98 -2663.90 7228.57
1417430100.00 6400.53 2107.42 -2788.61 7292.76
1417430160.00 6397.74 2168.02 -2912.21 7356.11
1417430220.00 6392.48 2227.77 -3034.68 7418.63
1417430280.00 6384.81 2286.69 -3156.00 7480.32
1417430340.00 6374.79 2344.77 -3276.16 7541.17
1417430400.00 6362.49 2402.00 -3395.15 7601.17
1417430460.00 6347.94 2458.39 -3512.94 7660.34
1417430520.00 6331.23 2513.94 -3629.52 7718.66
1417430580.00 6312.39 2568.65 -3744.88 7776.15
1417430640.00 6291.49 2622.52 -3859.02 7832.78
1417430700.00 6268.57 2675.54 -3971.92 7888.58
1417430760.00 6243.69 2727.73 -4083.57 7943.53
1417430820.00 6216.89 2779.07 -4193.97 7997.64
1417430880.00 6188.21 2829.59 -4303.10 8050.91
1417430940.00 6157.71 2879.26 -4410.95 8103.34
1417431000.00 6125.43 2928.11 -4517.54 8154.92
1417431060.00 6091.41 2976.12 -4622.83 8205.67
1417431120.00 6055.69 3023.30 -4726.84 8255.58
1417431180.00 6018.31 3069.66 -4829.55 8304.66
1417431240.00 5979.31 3115.19 -4930.96 8352.90
1417431300.00 5938.74 3159.89 -5031.06 8400.31
1417431360.00 5896.62 3203.78 -5129.86 8446.88
1417431420.00 5853.00 3246.85 -5227.35 8492.63
1417431480.00 5807.90 3289.11 -5323.52 8537.55
1417431540.00 5761.37 3330.55 -5418.37 8581.65
1417431600.00 5713.44 3371.17 -5511.90 8624.92
1417431660.00 5664.13 3411.00 -5604.10 8667.37
1417431720.00 5613.48 3450.01 -5694.98 8708.99
1417431780.00 5561.53 3488.22 -5784.53 8749.81
1417431840.00 5508.30 3525.63 -5872.75 8789.80
1417431900.00 5453.81 3562.24 -5959.64 8828.98
1417431960.00 5398.11 3598.05 -6045.19 8867.35
1417432020.00 5341.22 3633.07 -6129.40 8904.91
1417432080.00 5283.16 3667.30 -6212.28 8941.66
1417432140.00 5223.96 3700.74 -6293.82 8977.61
1417432200.00 5163.65 3733.40 -6374.01 9012.75
1417432260.00 5102.26 3765.26 -6452.87 9047.09
1417432320.00 5039.80 3796.35 -6530.38 9080.63
1417432380.00 4976.31 3826.66 -6606.55 9113.37
1417432440.00 4911.81 3856.18 -6681.37 9145.31
1417432500.00 4846.32 3884.94 -6754.85 9176.47
1417432560.00 4779.86 3912.92 -6826.98 9206.82
1417432620.00 4712.45 3940.12 -6897.76 9236.39
1417432680.00 4644.13 3966.56 -6967.20 9265.17
1417432740.00 4574.91 3992.24 -7035.28 9293.16
1417432800.00 4504.81 4017.14 -7102.01 9320.37
1417432860.00 4433.85 4041.29 -7167.39 9346.79
1417432920.00 4362.06 4064.67 -7231.42 9372.43
1417432980.00 4289.45 4087.29 -7294.09 9397.29
1417433040.00 4216.05 4109.16 -7355.41 9421.37
1417433100.00 4141.87 4130.27 -7415.38 9444.68
1417433160.00 4066.93 4150.63 -7473.98 9467.21
1417433220.00 3991.25 4170.23 -7531.23 9488.96
1417433280.00 3914.85 4189.08 -7587.13 9509.94
1417433340.00 3837.76 4207.19 -7641.66 9530.15
1417433400.00 3759.98 4224.54 -7694.83 9549.59
1417433460.00 3681.53 4241.15 -7746.64 9568.26
1417433520.00 3602.44 4257.02 -7797.09 9586.16
1417433580.00 3522.72 4272.14 -7846.17 9603.29
1417433640.00 3442.38 4286.53 -7893.89 9619.66
1417433700.00 3361.45 4300.17 -7940.24 9635.26
1417433760.00 3279.94 4313.07 -7985.23 9650.10
1417433820.00 3197.87 4325.23 -8028.84 9664.18
1417433880.00 3115.25 4336.66 -8071.09 9677.49
1417433940.00 3032.11 4347.35 -8111.96 9690.05
1417434000.00 2948.45 4357.31 -8151.46 9701.84
1417434060.00 2864.29 4366.53 -8189.58 9712.88
1417434120.00 2779.65 4375.02 -8226.33 9723.15
1417434180.00 2694.54 4382.78 -8261.69 9732.67
1417434240.00 2608.99 4389.81 -8295.68 9741.43
1417434300.00 2523.00 4396.10 -8328.28 9749.44
1417434360.00 2436.59 4401.67 -8359.50 9756.69
1417434420.00 2349.77 4406.51 -8389.33 9763.18
1417434480.00 2262.57 4410.62 -8417.77 9768.92
1417434540.00 2174.99 4414.01 -8444.82 9773.90
1417434600.00 2087.05 4416.66 -8470.48 9778.13
1417434660.00 1998.77 4418.59 -8494.74 9781.60
1417434720.00 1910.16 4419.80 -8517.60 9784.32
1417434780.00 1821.24 4420.28 -8539.06 9786.28
1417434840.00 1732.01 4420.03 -8559.12 9787.50
1417434900.00 1642.50 4419.06 -8577.77 9787.95
1417434960.00 1552.72 4417.37 -8595.01 9787.66
1417435020.00 1462.69 4414.95 -8610.84 9786.61
1417435080.00 1372.41 4411.80 -8625.25 9784.81
1417435140.00 1281.91 4407.94 -8638.24 9782.25
1417435200.00 1191.20 4403.34 -8649.81 9778.94
1417435260.00 1100.29 4398.03 -8659.96 9774.87
1417435320.00 1009.19 4391.99 -8668.68 9770.06
1417435380.00 917.94 4385.22 -8675.96 9764.48
1417435440.00 826.52 4377.74 -8681.81 9758.15
1417435500.00 734.98 4369.52 -8686.22 9751.07
1417435560.00 643.30 4360.59 -8689.18 9743.22
1417435620.00 551.52 4350.92 -8690.70 9734.63
1417435680.00 459.65 4340.54 -8690.76 9725.27
1417435740.00 367.70 4329.42 -8689.37 9715.16
1417435800.00 275.69 4317.58 -8686.52 9704.29
1417435860.00 183.63 4305.02 -8682.20 9692.66
1417435920.00 91.54 4291.73 -8676.42 9680.27
1417435980.00 -0.56 4277.71 -8669.16 9667.11
1417436040.00 -92.67 4262.96 -8660.42 9653.20
1417436100.00 -184.76 4247.48 -8650.20 9638.52
1417436160.00 -276.82 4231.28 -8638.49 9623.09
1417436220.00 -368.84 4214.34 -8625.28 9606.88
1417436280.00 -460.79 4196.67 -8610.58 9589.91
1417436340.00 -552.66 4178.28 -8594.37 9572.18
1417436400.00 -644.43 4159.14 -8576.65 9553.67
1417436460.00 -736.09 4139.28 -8557.41 9534.40
1417436520.00 -827.62 4118.68 -8536.65 9514.35
1417436580.00 -919.00 4097.35 -8514.37 9493.54
1417436640.00 -1010.22 4075.28 -8490.55 9471.95
1417436700.00 -1101.26 4052.47 -8465.19 9449.59
1417436760.00 -1192.10 4028.92 -8438.29 9426.45
1417436820.00 -1282.71 4004.63 -8409.83 9402.54
1417436880.00 -1373.09 3979.61 -8379.81 9377.84
1417436940.00 -1463.22 3953.84 -8348.23 9352.37
1417437000.00 -1553.07 3927.32 -8315.07 9326.11
1417437060.00 -1642.63 3900.06 -8280.34 9299.07
1417437120.00 -1731.87 3872.06 -8244.01 9271.24
1417437180.00 -1820.78 3843.31 -8206.10 9242.63
1417437240.00 -1909.33 3813.81 -8166.58 9213.23
1417437300.00 -1997.51 3783.56 -8125.45 9183.04
1417437360.00 -2085.29 3752.56 -8082.70 9152.06
1417437420.00 -2172.66 3720.80 -8038.33 9120.28
1417437480.00 -2259.58 3688.29 -7992.32 9087.70
1417437540.00 -2346.04 3655.03 -7944.67 9054.33
1417437600.00 -2432.02 3621.00 -7895.37 9020.16
1417437660.00 -2517.48 3586.22 -7844.42 8985.19
1417437720.00 -2602.41 3550.68 -7791.80 8949.41
1417437780.00 -2686.79 3514.38 -7737.50 8912.83
1417437840.00 -2770.58 3477.31 -7681.51 8875.44
1417437900.00 -2853.76 3439.47 -7623.84 8837.24
1417437960.00 -2936.30 3400.87 -7564.46 8798.23
1417438020.00 -3018.18 3361.50 -7503.36 8758.40
1417438080.00 -3099.37 3321.36 -7440.55 8717.76
1417438140.00 -3179.84 3280.45 -7376.00 8676.30
1417438200.00 -3259.56 3238.77 -7309.71 8634.02
1417438260.00 -3338.50 3196.31 -7241.68 8590.92
1417438320.00 -3416.63 3153.08 -7171.88 8546.99
1417438380.00 -3493.92 3109.07 -7100.30 8502.24
1417438440.00 -3570.34 3064.28 -7026.95 8456.66
1417438500.00 -3645.84 3018.71 -6951.81 8410.26
1417438560.00 -3720.41 2972.36 -6874.86 8363.02
1417438620.00 -3793.99 2925.23 -6796.10 8314.95
1417438680.00 -3866.56 2877.31 -6715.52 8266.04
1417438740.00 -3938.07 2828.61 -6633.11 8216.30
1417438800.00 -4008.49 2779.12 -6548.85 8165.72
1417438860.00 -4077.78 2728.85 -6462.73 8114.30
1417438920.00 -4145.89 2677.79 -6374.75 8062.04
1417438980.00 -4212.78 2625.95 -6284.90 8008.94
1417439040.00 -4278.42 2573.32 -6193.16 7955.00
1417439100.00 -4342.74 2519.90 -6099.52 7900.21
1417439160.00 -4405.70 2465.69 -6003.97 7844.58
1417439220.00 -4467.27 2410.70 -5906.50 7788.11
1417439280.00 -4527.37 2354.92 -5807.10 7730.79
1417439340.00 -4585.96 2298.35 -5705.77 7672.63
1417439400.00 -4643.00 2241.00 -5602.49 7613.63
1417439460.00 -4698.41 2182.87 -5497.25 7553.78
1417439520.00 -4752.14 2123.96 -5390.04 7493.10
1417439580.00 -4804.13 2064.27 -5280.85 7431.57
1417439640.00 -4854.32 2003.81 -5169.68 7369.21
1417439700.00 -4902.63 1942.57 -5056.52 7306.01
1417439760.00 -4949.02 1880.57 -4941.35 7241.98
1417439820.00 -4993.39 1817.80 -4824.18 7177.12
1417439880.00 -5035.68 1754.28 -4705.00 7111.44
1417439940.00 -5075.82 1690.00 -4583.79 7044.94
1417440000.00 -5113.71 1624.98 -4460.56 6977.63
1417440060.00 -5149.29 1559.22 -4335.31 6909.51
1417440120.00 -5182.46 1492.73 -4208.03 6840.59
1417440180.00 -5213.13 1425.53 -4078.72 6770.88
1417440240.00 -5241.22 1357.61 -3947.38 6700.40
1417440300.00 -5266.62 1289.00 -3814.02 6629.14
1417440360.00 -5289.23 1219.70 -3678.64 6557.13
1417440420.00 -5308.95 1149.74 -3541.24 6484.38
1417440480.00 -5325.66 1079.13 -3401.84 6410.90
1417440540.00 -5339.26 1007.89 -3260.44 6336.72
1417440600.00 -5349.62 936.03 -3117.07 6261.85
1417440660.00 -5356.62 863.59 -2971.74 6186.31
1417440720.00 -5360.13 790.58 -2824.47 6110.13
1417440780.00 -5360.02 717.04 -2675.29 6033.33
1417440840.00 -5356.14 642.99 -2524.23 5955.95
1417440900.00 -5348.35 568.47 -2371.32 5878.02
1417440960.00 -5336.49 493.53 -2216.62 5799.58
1417441020.00 -5320.42 418.19 -2060.16 5720.66
1417441080.00 -5299.96 342.50 -1902.00 5641.32
1417441140.00 -5274.94 266.52 -1742.21 5561.59
1417441200.00 -5245.19 190.31 -1580.86 5481.54
1417441260.00 -5210.52 113.91 -1418.03 5401.23
1417441320.00 -5170.75 37.40 -1253.81 5320.73
1417441380.00 -5125.69 -39.15 -1088.31 5240.10
1417441440.00 -5075.12 -115.65 -921.65 5159.42
1417441500.00 -5018.85 -192.03 -753.95 5078.80
1417441560.00 -4956.67 -268.18 -585.38 4998.31
1417441620.00 -4888.36 -344.00 -416.08 4918.08
1417441680.00 -4813.71 -419.37 -246.25 4838.21
1417441740.00 -4732.50 -494.17 -76.10 4758.84
1417441800.00 -4644.52 -568.26 94.16 4680.10
1417441860.00 -4549.54 -641.50 264.26 4602.14
1417441920.00 -4447.37 -713.73 433.93 4525.13
1417441980.00 -4337.80 -784.76 602.87 4449.25
1417442040.00 -4220.63 -854.42 770.73 4374.68
1417442100.00 -4095.70 -922.51 937.17 4301.63
1417442160.00 -3962.84 -988.81 1101.76 4230.33
1417442220.00 -3821.92 -1053.11 1264.10 4161.02
1417442280.00 -3672.83 -1115.15 1423.72 4093.93
1417442340.00 -3515.51 -1174.69 1580.11 4029.33
1417442400.00 -3349.93 -1231.47 1732.77 3967.50
1417442460.00 -3176.11 -1285.22 1881.14 3908.72
1417442520.00 -2994.11 -1335.67 2024.64 3853.29
1417442580.00 -2804.08 -1382.53 2162.67 3801.50
1417442640.00 -2606.22 -1425.54 2294.64 3753.66
1417442700.00 -2400.81 -1464.41 2419.92 3710.04
1417442760.00 -2188.19 -1498.90 2537.90 3670.94
1417442820.00 -1968.79 -1528.74 2647.99 3636.62
1417442880.00 -1743.11 -1553.73 2749.61 3607.33
1417442940.00 -1511.75 -1573.65 2842.23 3583.30
1417443000.00 -1275.36 -1588.34 2925.37 3564.71
1417443060.00 -1034.65 -1597.68 2998.59 3551.71
1417443120.00 -790.40 -1601.57 3061.55 3544.41
1417443180.00 -543.41 -1599.97 3113.95 3542.86
1417443240.00 -294.54 -1592.86 3155.60 3547.08
1417443300.00 -44.64 -1580.30 3186.41 3557.04
1417443360.00 205.43 -1562.37 3206.34 3572.65
1417443420.00 454.84 -1539.20 3215.47 3593.78
1417443480.00 702.76 -1510.94 3213.95 3620.26
1417443540.00 948.44 -1477.80 3202.01 3651.89
1417443600.00 1191.15 -1440.01 3179.96 3688.44
1417443660.00 1430.23 -1397.81 3148.15 3729.65
1417443720.00 1665.11 -1351.47 3106.99 3775.24
1417443780.00 1895.24 -1301.26 3056.92 3824.92
1417443840.00 2120.18 -1247.48 2998.43 3878.39
1417443900.00 2339.54 -1190.41 2932.00 3935.37
1417443960.00 2553.00 -1130.32 2858.15 3995.55
1417444020.00 2760.31 -1067.50 2777.37 4058.65
1417444080.00 2961.26 -1002.22 2690.18 4124.39
1417444140.00 3155.71 -934.74 2597.06 4192.49
1417444200.00 3343.57 -865.30 2498.49 4262.70
1417444260.00 3524.77 -794.13 2394.94 4334.79
1417444320.00 3699.30 -721.46 2286.84 4408.51
1417444380.00 3867.17 -647.48 2174.61 4483.66
1417444440.00 4028.43 -572.40 2058.66 4560.04
1417444500.00 4183.12 -496.39 1939.35 4637.46
1417444560.00 4331.35 -419.61 1817.04 4715.75
1417444620.00 4473.20 -342.21 1692.04 4794.76
1417444680.00 4608.80 -264.33 1564.68 4874.33
1417444740.00 4738.24 -186.10 1435.24 4954.34
1417444800.00 4861.68 -107.64 1303.97 5034.67
1417444860.00 4979.24 -29.05 1171.12 5115.19
1417444920.00 5091.06 49.58 1036.93 5195.82
1417444980.00 5197.27 128.15 901.59 5276.45
1417445040.00 5298.03 206.59 765.31 5357.01
1417445100.00 5393.47 284.82 628.26 5437.41
1417445160.00 5483.74 362.77 490.62 5517.58
1417445220.00 5568.97 440.39 352.52 5597.47
1417445280.00 5649.30 517.62 214.12 5677.00
1417445340.00 5724.87 594.41 75.54 5756.14
1417445400.00 5795.81 670.72 -63.10 5834.83
1417445460.00 5862.25 746.51 -201.69 5913.04
1417445520.00 5924.32 821.75 -340.13 5990.71
1417445580.00 5982.15 896.39 -478.32 6067.81
1417445640.00 6035.84 970.41 -616.17 6144.33
1417445700.00 6085.52 1043.79 -753.62 6220.21
1417445760.00 6131.31 1116.49 -890.58 6295.44
1417445820.00 6173.30 1188.51 -1026.98 6370.00
1417445880.00 6211.62 1259.82 -1162.78 6443.87
1417445940.00 6246.36 1330.40 -1297.89 6517.01
1417446000.00 6277.62 1400.24 -1432.29 6589.43
1417446060.00 6305.50 1469.32 -1565.91 6661.10
1417446120.00 6330.09 1537.64 -1698.71 6732.01
1417446180.00 6351.48 1605.18 -1830.65 6802.15
1417446240.00 6369.77 1671.94 -1961.69 6871.50
1417446300.00 6385.03 1737.90 -2091.80 6940.07
1417446360.00 6397.35 1803.06 -2220.94 7007.83
1417446420.00 6406.80 1867.41 -2349.09 7074.78
1417446480.00 6413.47 1930.95 -2476.21 7140.92
1417446540.00 6417.42 1993.67 -2602.28 7206.24
1417446600.00 6418.74 2055.57 -2727.28 7270.74
1417446660.00 6417.48 2116.65 -2851.19 7334.40
1417446720.00 6413.71 2176.90 -2973.97 7397.24
1417446780.00 6407.50 2236.32 -3095.63 7459.23
1417446840.00 6398.92 2294.91 -3216.13 7520.39
1417446900.00 6388.02 2352.67 -3335.47 7580.71
1417446960.00 6374.86 2409.60 -3453.62 7640.19
1417447020.00 6359.50 2465.70 -3570.59 7698.83
1417447080.00 6341.99 2520.96 -3686.34 7756.63
1417447140.00 6322.39 2575.40 -3800.88 7813.58
1417447200.00 6300.75 2629.00 -3914.18 7869.69
1417447260.00 6277.12 2681.77 -4026.25 7924.95
1417447320.00 6251.55 2733.71 -4137.07 7979.37
1417447380.00 6224.08 2784.82 -4246.64 8032.96
1417447440.00 6194.76 2835.11 -4354.94 8085.69
1417447500.00 6163.64 2884.57 -4461.97 8137.59
1417447560.00 6130.76 2933.20 -4567.73 8188.65
1417447620.00 6096.16 2981.02 -4672.20 8238.87
1417447680.00 6059.87 3028.01 -4775.39 8288.26
1417447740.00 6021.95 3074.19 -4877.28 8336.81
1417447800.00 5982.43 3119.54 -4977.87 8384.53
1417447860.00 5941.35 3164.09 -5077.17 8431.41
1417447920.00 5898.74 3207.82 -5175.15 8477.47
1417447980.00 5854.64 3250.74 -5271.83 8522.69
1417448040.00 5809.08 3292.85 -5367.19 8567.09
1417448100.00 5762.11 3334.16 -5461.24 8610.67
1417448160.00 5713.74 3374.66 -5553.97 8653.42
1417448220.00 5664.01 3414.36 -5645.38 8695.35
1417448280.00 5612.96 3453.27 -5735.47 8736.47
1417448340.00 5560.61 3491.37 -5824.23 8776.77
1417448400.00 5506.99 3528.68 -5911.66 8816.25
1417448460.00 5452.14 3565.20 -5997.76 8854.92
1417448520.00 5396.08 3600.93 -6082.53 8892.78
1417448580.00 5338.83 3635.87 -6165.97 8929.83
1417448640.00 5280.43 3670.03 -6248.07 8966.07
1417448700.00 5220.91 3703.40 -6328.84 9001.51
1417448760.00 5160.28 3735.99 -6408.27 9036.15
1417448820.00 5098.57 3767.80 -6486.36 9069.98
1417448880.00 5035.82 3798.84 -6563.11 9103.02
1417448940.00 4972.03 3829.10 -6638.52 9135.26
1417449000.00 4907.24 3858.59 -6712.59 9166.71
1417449060.00 4841.47 3887.30 -6785.31 9197.36
1417449120.00 4774.74 3915.25 -6856.69 9227.22
1417449180.00 4707.07 3942.44 -6926.73 9256.29
1417449240.00 4638.50 3968.85 -6995.42 9284.58
1417449300.00 4569.02 3994.51 -7062.76 9312.07
1417449360.00 4498.68 4019.40 -7128.76 9338.79
1417449420.00 4427.49 4043.54 -7193.41 9364.72
1417449480.00 4355.46 4066.92 -7256.70 9389.87
1417449540.00 4282.63 4089.54 -7318.65 9414.24
1417449600.00 4209.00 4111.41 -7379.24 9437.83
1417449660.00 4134.61 4132.53 -7438.49 9460.65
1417449720.00 4059.46 4152.89 -7496.37 9482.69
1417449780.00 3983.58 4172.51 -7552.91 9503.95
1417449840.00 3906.99 4191.38 -7608.08 9524.45
1417449900.00 3829.69 4209.50 -7661.91 9544.17
1417449960.00 3751.72 4226.88 -7714.37 9563.13
1417450020.00 3673.09 4243.52 -7765.47 9581.31
1417450080.00 3593.82 4259.41 -7815.21 9598.73
1417450140.00 3513.92 4274.57 -7863.59 9615.39
1417450200.00 3433.41 4288.98 -7910.61 9631.27
1417450260.00 3352.31 4302.66 -7956.27 9646.40
1417450320.00 3270.63 4315.60 -8000.55 9660.76
1417450380.00 3188.39 4327.80 -8043.47 9674.36
1417450440.00 3105.62 4339.27 -8085.02 9687.19
1417450500.00 3022.31 4350.00 -8125.21 9699.27
1417450560.00 2938.50 4360.00 -8164.01 9710.59
1417450620.00 2854.19 4369.27 -8201.45 9721.15
1417450680.00 2769.40 4377.81 -8237.51 9730.95
1417450740.00 2684.15 4385.62 -8272.19 9739.99
1417450800.00 2598.45 4392.70 -8305.49 9748.28
1417450860.00 2512.32 4399.05 -8337.41 9755.81
1417450920.00 2425.77 4404.67 -8367.95 9762.58
1417450980.00 2338.82 4409.56 -8397.10 9768.60
1417451040.00 2251.49 4413.72 -8424.86 9773.86
1417451100.00 2163.78 4417.16 -8451.23 9778.37
1417451160.00 2075.72 4419.87 -8476.21 9782.13
1417451220.00 1987.31 4421.86 -8499.79 9785.13
1417451280.00 1898.58 4423.12 -8521.98 9787.38
1417451340.00 1809.53 4423.66 -8542.76 9788.87
1417451400.00 1720.19 4423.47 -8562.15 9789.61
1417451460.00 1630.56 4422.55 -8580.12 9789.59
1417451520.00 1540.67 4420.91 -8596.69 9788.83
1417451580.00 1450.52 4418.55 -8611.84 9787.31
1417451640.00 1360.14 4415.46 -8625.58 9785.03
1417451700.00 1269.53 4411.65 -8637.90 9782.00
1417451760.00 1178.71 4407.11 -8648.79 9778.22
1417451820.00 1087.69 4401.84 -8658.26 9773.68
1417451880.00 996.50 4395.86 -8666.31 9768.39
1417451940.00 905.14 4389.14 -8672.91 9762.34
1417452000.00 813.63 4381.71 -8678.09 9755.54
1417452060.00 721.99 4373.54 -8681.82 9747.98
1417452120.00 630.22 4364.65 -8684.11 9739.67
1417452180.00 538.35 4355.04 -8684.95 9730.59
1417452240.00 446.39 4344.69 -8684.33 9720.77
1417452300.00 354.35 4333.63 -8682.26 9710.18
1417452360.00 262.26 4321.83 -8678.73 9698.83
1417452420.00 170.11 4309.30 -8673.73 9686.73
1417452480.00 77.94 4296.05 -8667.26 9673.86
1417452540.00 -14.24 4282.06 -8659.32 9660.23
1417452600.00 -106.43 4267.35 -8649.89 9645.84
1417452660.00 -198.59 4251.90 -8638.99 9630.69
1417452720.00 -290.72 4235.72 -8626.58 9614.77
1417452780.00 -382.80 4218.81 -8612.69 9598.09
1417452840.00 -474.82 4201.17 -8597.29 9580.64
1417452900.00 -566.75 4182.79 -8580.39 9562.43
1417452960.00 -658.59 4163.68 -8561.97 9543.44
1417453020.00 -750.31 4143.82 -8542.03 9523.69
1417453080.00 -841.89 4123.24 -8520.58 9503.16
1417453140.00 -933.33 4101.91 -8497.59 9481.86
1417453200.00 -1024.59 4079.84 -8473.06 9459.79
1417453260.00 -1115.68 4057.03 -8446.99 9436.94
1417453320.00 -1206.55 4033.48 -8419.37 9413.32
1417453380.00 -1297.21 4009.19 -8390.20 9388.92
1417453440.00 -1387.62 3984.15 -8359.47 9363.74
1417453500.00 -1477.78 3958.36 -8327.16 9337.78
1417453560.00 -1567.65 3931.83 -8293.28 9311.03
1417453620.00 -1657.23 3904.55 -8257.81 9283.50
1417453680.00 -1746.49 3876.51 -8220.76 9255.18
1417453740.00 -1835.41 3847.73 -8182.10 9226.08
1417453800.00 -1923.97 3818.19 -8141.84 9196.19
1417453860.00 -2012.16 3787.90 -8099.97 9165.50
1417453920.00 -2099.94 3756.85 -8056.47 9134.02
1417453980.00 -2187.29 3725.04 -8011.35 9101.75
1417454040.00 -2274.20 3692.47 -7964.58 9068.68
1417454100.00 -2360.64 3659.14 -7916.17 9034.81
1417454160.00 -2446.59 3625.05 -7866.11 9000.14
1417454220.00 -2532.03 3590.19 -7814.38 8964.66
1417454280.00 -2616.92 3554.56 -7760.98 8928.38
1417454340.00 -2701.25 3518.17 -7705.90 8891.30
1417454400.00 -2784.98 3481.01 -7649.13 8853.40
1417454460.00 -2868.10 3443.07 -7590.66 8814.69
1417454520.00 -2950.58 3404.36 -7530.48 8775.18
1417454580.00 -3032.38 3364.88 -7468.58 8734.84
1417454640.00 -3113.48 3324.62 -7404.96 8693.69
1417454700.00 -3193.85 3283.58 -7339.59 8651.72
1417454760.00 -3273.47 3241.76 -7272.48 8608.93
1417454820.00 -3352.29 3199.16 -7203.62 8565.31
1417454880.00 -3430.30 3155.78 -7132.98 8520.87
1417454940.00 -3507.45 3111.61 -7060.57 8475.61
1417455000.00 -3583.71 3066.65 -6986.37 8429.51
1417455060.00 -3659.06 3020.91 -6910.37 8382.59
1417455120.00 -3733.44 2974.37 -6832.56 8334.83
1417455180.00 -3806.84 2927.05 -6752.93 8286.24
1417455240.00 -3879.20 2878.94 -6671.47 8236.81
1417455300.00 -3950.50 2830.03 -6588.17 8186.54
1417455360.00 -4020.69 2780.32 -6503.02 8135.44
1417455420.00 -4089.73 2729.83 -6416.01 8083.50
1417455480.00 -4157.57 2678.53 -6327.12 8030.71
1417455540.00 -4224.18 2626.44 -6236.35 7977.09
1417455600.00 -4289.51 2573.56 -6143.68 7922.62
1417455660.00 -4353.51 2519.88 -6049.11 7867.31
1417455720.00 -4416.13 2465.40 -5952.62 7811.15
1417455780.00 -4477.33 2410.12 -5854.21 7754.15
1417455840.00 -4537.05 2354.05 -5753.86 7696.31
1417455900.00 -4595.23 2297.18 -5651.56 7637.62
1417455960.00 -4651.83 2239.52 -5547.30 7578.09
1417456020.00 -4706.78 2181.07 -5441.08 7517.72
1417456080.00 -4760.02 2121.82 -5332.88 7456.51
1417456140.00 -4811.49 2061.79 -5222.70 7394.46
1417456200.00 -4861.13 2000.97 -5110.53 7331.57
1417456260.00 -4908.87 1939.37 -4996.35 7267.85
1417456320.00 -4954.64 1876.99 -4880.17 7203.31
1417456380.00 -4998.37 1813.84 -4761.97 7137.93
1417456440.00 -5039.97 1749.92 -4641.75 7071.73
1417456500.00 -5079.39 1685.23 -4519.51 7004.72
1417456560.00 -5116.52 1619.79 -4395.24 6936.90
1417456620.00 -5151.29 1553.61 -4268.93 6868.28
1417456680.00 -5183.61 1486.68 -4140.60 6798.87
1417456740.00 -5213.39 1419.03 -4010.23 6728.67
1417456800.00 -5240.53 1350.65 -3877.82 6657.70
1417456860.00 -5264.94 1281.57 -3743.39 6585.97
1417456920.00 -5286.50 1211.81 -3606.94 6513.49
1417456980.00 -5305.11 1141.36 -3468.47 6440.28
1417457040.00 -5320.65 1070.25 -3328.00 6366.35
1417457100.00 -5333.02 998.51 -3185.54 6291.73
1417457160.00 -5342.09 926.15 -3041.11 6216.43
1417457220.00 -5347.72 853.19 -2894.72 6140.48
1417457280.00 -5349.80 779.67 -2746.40 6063.90
1417457340.00 -5348.17 705.60 -2596.18 5986.73
1417457400.00 -5342.70 631.03 -2444.09 5908.99
1417457460.00 -5333.23 555.99 -2290.18 5830.73
1417457520.00 -5319.61 480.52 -2134.48 5751.97
1417457580.00 -5301.68 404.65 -1977.06 5672.77
1417457640.00 -5279.26 328.45 -1817.96 5593.17
1417457700.00 -5252.20 251.96 -1657.26 5513.22
1417457760.00 -5220.29 175.23 -1495.04 5432.98
1417457820.00 -5183.36 98.34 -1331.38 5352.52
1417457880.00 -5141.22 21.35 -1166.38 5271.91
1417457940.00 -5093.66 -55.67 -1000.16 5191.22
1417458000.00 -5040.48 -132.62 -832.83 5110.54
1417458060.00 -4981.48 -209.41 -664.55 5029.97
1417458120.00 -4916.43 -285.95 -495.47 4949.60
1417458180.00 -4845.13 -362.13 -325.77 4869.56
1417458240.00 -4767.36 -437.82 -155.63 4789.95
1417458300.00 -4682.90 -512.90 14.71 4710.92
1417458360.00 -4591.52 -587.21 185.02 4632.62
1417458420.00 -4493.03 -660.62 355.04 4555.19
1417458480.00 -4387.21 -732.94 524.46 4478.82
1417458540.00 -4273.86 -804.01 692.97 4403.69
1417458600.00 -4152.80 -873.62 860.22 4330.00
1417458660.00 -4023.86 -941.58 1025.81 4257.97
1417458720.00 -3886.90 -1007.65 1189.34 4187.83
1417458780.00 -3741.79 -1071.61 1350.36 4119.81
1417458840.00 -3588.46 -1133.21 1508.39 4054.19
1417458900.00 -3426.84 -1192.20 1662.91 3991.22
1417458960.00 -3256.94 -1248.30 1813.39 3931.20
1417459020.00 -3078.81 -1301.25 1959.25 3874.40
1417459080.00 -2892.55 -1350.76 2099.92 3821.14
1417459140.00 -2698.34 -1396.56 2234.78 3771.70
1417459200.00 -2496.42 -1438.37 2363.22 3726.38
1417459260.00 -2287.10 -1475.93 2484.64 3685.46
1417459320.00 -2070.78 -1508.97 2598.42 3649.23
1417459380.00 -1847.93 -1537.26 2703.98 3617.94
1417459440.00 -1619.10 -1560.58 2800.77 3591.83
1417459500.00 -1384.92 -1578.76 2888.28 3571.08
1417459560.00 -1146.07 -1591.64 2966.05 3555.87
1417459620.00 -903.30 -1599.12 3033.69 3546.33
1417459680.00 -657.42 -1601.11 3090.90 3542.51
1417459740.00 -409.26 -1597.60 3137.43 3544.47
1417459800.00 -159.66 -1588.61 3173.14 3552.18
1417459860.00 90.50 -1574.19 3197.98 3565.58
1417459920.00 340.39 -1554.46 3211.98 3584.55
1417459980.00 589.17 -1529.56 3215.25 3608.95
1417460040.00 836.05 -1499.67 3208.00 3638.58
1417460100.00 1080.30 -1465.00 3190.49 3673.21
1417460160.00 1321.22 -1425.79 3163.06 3712.60
1417460220.00 1558.19 -1382.30 3126.09 3756.48
1417460280.00 1790.67 -1334.79 3080.03 3804.57
1417460340.00 2018.15 -1283.56 3025.33 3856.56
1417460400.00 2240.23 -1228.88 2962.48 3912.17
1417460460.00 2456.56 -1171.03 2891.99 3971.10
1417460520.00 2666.85 -1110.31 2814.37 4033.06
1417460580.00 2870.89 -1046.97 2730.11 4097.76
1417460640.00 3068.49 -981.29 2639.71 4164.93
1417460700.00 3259.55 -913.52 2543.67 4234.32
1417460760.00 3444.00 -843.89 2442.44 4305.67
1417460820.00 3621.78 -772.62 2336.48 4378.74
1417460880.00 3792.91 -699.94 2226.22 4453.33
1417460940.00 3957.42 -626.04 2112.06 4529.22
1417461000.00 4115.35 -551.09 1994.38 4606.23
1417461060.00 4266.78 -475.28 1873.55 4684.17
1417461120.00 4411.80 -398.76 1749.91 4762.90
1417461180.00 4550.52 -321.67 1623.75 4842.24
1417461240.00 4683.06 -244.14 1495.40 4922.07
1417461300.00 4809.53 -166.30 1365.10 5002.27
1417461360.00 4930.07 -88.26 1233.12 5082.71
1417461420.00 5044.81 -10.11 1099.69 5163.29
1417461480.00 5153.90 68.04 965.03 5243.91
1417461540.00 5257.48 146.12 829.34 5324.49
1417461600.00 5355.67 224.05 692.80 5404.94
1417461660.00 5448.64 301.75 555.59 5485.20
1417461720.00 5536.51 379.18 417.85 5565.19
1417461780.00 5619.43 456.26 279.75 5644.86
1417461840.00 5697.53 532.95 141.41 5724.14
1417461900.00 5770.94 609.19 2.95 5803.00
1417461960.00 5839.79 684.96 -135.50 5881.39
1417462020.00 5904.23 760.20 -273.85 5959.26
1417462080.00 5964.35 834.89 -412.00 6036.58
1417462140.00 6020.30 909.00 -549.85 6113.32
1417462200.00 6072.19 982.48 -687.34 6189.44
1417462260.00 6120.12 1055.33 -824.37 6264.92
1417462320.00 6164.22 1127.51 -960.88 6339.74
1417462380.00 6204.60 1199.02 -1096.81 6413.86
1417462440.00 6241.34 1269.81 -1232.10 6487.29
1417462500.00 6274.57 1339.90 -1366.69 6559.98
1417462560.00 6304.37 1409.25 -1500.53 6631.94
1417462620.00 6330.83 1477.85 -1633.57 6703.14
1417462680.00 6354.06 1545.69 -1765.78 6773.57
1417462740.00 6374.14 1612.77 -1897.11 6843.23
1417462800.00 6391.16 1679.08 -2027.52 6912.09
1417462860.00 6405.19 1744.59 -2156.99 6980.16
1417462920.00 6416.32 1809.32 -2285.47 7047.42
1417462980.00 6424.63 1873.25 -2412.95 7113.88
1417463040.00 6430.18 1936.38 -2539.39 7179.51
1417463100.00 6433.07 1998.70 -2664.78 7244.32
1417463160.00 6433.34 2060.21 -2789.08 7308.30
1417463220.00 6431.08 2120.91 -2912.28 7371.46
1417463280.00 6426.34 2180.79 -3034.36 7433.78
1417463340.00 6419.19 2239.86 -3155.30 7495.26
1417463400.00 6409.70 2298.10 -3275.08 7555.90
1417463460.00 6397.92 2355.52 -3393.69 7615.70
1417463520.00 6383.90 2412.13 -3511.12 7674.67
1417463580.00 6367.71 2467.91 -3627.34 7732.78
1417463640.00 6349.40 2522.86 -3742.36 7790.06
1417463700.00 6329.03 2577.00 -3856.16 7846.49
1417463760.00 6306.63 2630.31 -3968.72 7902.08
1417463820.00 6282.27 2682.81 -4080.05 7956.83
1417463880.00 6255.98 2734.48 -4190.12 8010.73
1417463940.00 6227.83 2785.33 -4298.94 8063.79
1417464000.00 6197.84 2835.37 -4406.50 8116.02
1417464060.00 6166.07 2884.59 -4512.78 8167.40
1417464120.00 6132.55 2932.99 -4617.79 8217.94
1417464180.00 6097.33 2980.59 -4721.51 8267.65
1417464240.00 6060.46 3027.36 -4823.94 8316.52
1417464300.00 6021.96 3073.33 -4925.09 8364.56
1417464360.00 5981.87 3118.49 -5024.93 8411.76
1417464420.00 5940.24 3162.85 -5123.48 8458.14
1417464480.00 5897.10 3206.40 -5220.72 8503.68
1417464540.00 5852.48 3249.14 -5316.64 8548.40
1417464600.00 5806.41 3291.09 -5411.26 8592.29
1417464660.00 5758.94 3332.24 -5504.57 8635.36
1417464720.00 5710.09 3372.59 -5596.55 8677.61
1417464780.00 5659.90 3412.14 -5687.22 8719.04
1417464840.00 5608.39 3450.91 -5776.56 8759.65
1417464900.00 5555.59 3488.88 -5864.58 8799.44
1417464960.00 5501.54 3526.07 -5951.27 8838.42
1417465020.00 5446.26 3562.47 -6036.63 8876.59
1417465080.00 5389.79 3598.09 -6120.66 8913.95
1417465140.00 5332.14 3632.93 -6203.36 8950.51
1417465200.00 5273.35 3666.98 -6284.73 8986.26
1417465260.00 5213.44 3700.26 -6364.76 9021.20
1417465320.00 5152.43 3732.76 -6443.46 9055.34
1417465380.00 5090.36 3764.49 -6520.82 9088.69
1417465440.00 5027.24 3795.45 -6596.84 9121.23
1417465500.00 4963.10 3825.64 -6671.52 9152.98
1417465560.00 4897.97 3855.06 -6744.86 9183.94
1417465620.00 4831.86 3883.72 -6816.86 9214.10
1417465680.00 4764.80 3911.61 -6887.51 9243.48
1417465740.00 4696.81 3938.74 -6956.82 9272.06
1417465800.00 4627.92 3965.12 -7024.79 9299.86
1417465860.00 4558.14 3990.73 -7091.41 9326.88
1417465920.00 4487.49 4015.58 -7156.68 9353.11
1417465980.00 4416.00 4039.69 -7220.61 9378.56
1417466040.00 4343.68 4063.03 -7283.19 9403.22
1417466100.00 4270.56 4085.63 -7344.41 9427.11
1417466160.00 4196.66 4107.48 -7404.29 9450.23
1417466220.00 4121.99 4128.58 -7462.81 9472.56
1417466280.00 4046.57 4148.93 -7519.98 9494.13
1417466340.00 3970.42 4168.53 -7575.80 9514.92
1417466400.00 3893.57 4187.39 -7630.26 9534.94
1417466460.00 3816.02 4205.51 -7683.37 9554.19
1417466520.00 3737.80 4222.89 -7735.11 9572.67
1417466580.00 3658.92 4239.53 -7785.50 9590.38
1417466640.00 3579.40 4255.43 -7834.53 9607.32
1417466700.00 3499.26 4270.59 -7882.20 9623.50
1417466760.00 3418.52 4285.01 -7928.50 9638.92
1417466820.00 3337.19 4298.70 -7973.44 9653.57
1417466880.00 3255.28 4311.65 -8017.02 9667.46
1417466940.00 3172.83 4323.87 -8059.22 9680.59
1417467000.00 3089.83 4335.35 -8100.06 9692.95
1417467060.00 3006.31 4346.11 -8139.53 9704.56
1417467120.00 2922.28 4356.13 -8177.63 9715.41
1417467180.00 2837.76 4365.42 -8214.35 9725.50
1417467240.00 2752.77 4373.98 -8249.69 9734.83
1417467300.00 2667.32 4381.82 -8283.66 9743.40
1417467360.00 2581.42 4388.92 -8316.25 9751.22
1417467420.00 2495.10 4395.30 -8347.45 9758.28
1417467480.00 2408.36 4400.95 -8377.27 9764.59
1417467540.00 2321.22 4405.88 -8405.70 9770.14
1417467600.00 2233.67 4410.03 -8432.78 9774.94
1417467660.00 2145.78 4413.51 -8458.43 9778.98
1417467720.00 2057.54 4416.25 -8482.69 9782.27
1417467780.00 1968.95 4418.27 -8505.55 9784.80
1417467840.00 1880.05 4419.57 -8527.02 9786.58
1417467900.00 1790.83 4420.14 -8547.08 9787.61
1417467960.00 1701.32 4419.98 -8565.74 9787.88
1417468020.00 1611.53 4419.10 -8582.99 9787.40
1417468080.00 1521.47 4417.50 -8598.82 9786.16
1417468140.00 1431.17 4415.17 -8613.25 9784.17
1417468200.00 1340.62 4412.12 -8626.26 9781.43
1417468260.00 1249.86 4408.34 -8637.85 9777.93
1417468320.00 1158.89 4403.83 -8648.01 9773.68
1417468380.00 1067.73 4398.61 -8656.75 9768.68
1417468440.00 976.39 4392.65 -8664.05 9762.91
1417468500.00 884.89 4385.97 -8669.92 9756.40
1417468560.00 793.24 4378.57 -8674.35 9749.13
1417468620.00 701.46 4370.43 -8677.34 9741.10
1417468680.00 609.56 4361.57 -8678.88 9732.31
1417468740.00 517.56 4351.99 -8678.97 9722.77
1417468800.00 425.48 4341.67 -8677.61 9712.47
1417468860.00 333.32 4330.63 -8674.79 9701.41
1417468920.00 241.10 4318.86 -8670.50 9689.59
1417468980.00 148.84 4306.35 -8664.74 9677.01
1417469040.00 56.56 4293.12 -8657.51 9663.67
1417469100.00 -35.73 4279.16 -8648.80 9649.57
1417469160.00 -128.02 4264.46 -8638.61 9634.71
1417469220.00 -220.29 4249.03 -8626.93 9619.08
1417469280.00 -312.52 4232.86 -8613.76 9602.69
1417469340.00 -404.69 4215.96 -8599.08 9585.53
1417469400.00 -496.80 4198.33 -8582.90 9567.60
1417469460.00 -588.82 4179.96 -8565.21 9548.91
1417469520.00 -680.74 4160.85 -8546.01 9529.44
1417469580.00 -772.53 4141.00 -8525.28 9509.21
1417469640.00 -864.19 4120.40 -8503.03 9488.20
1417469700.00 -955.69 4099.07 -8479.24 9466.42
1417469760.00 -1047.02 4077.00 -8453.91 9443.87
1417469820.00 -1138.16 4054.18 -8427.03 9420.54
1417469880.00 -1229.09 4030.61 -8398.60 9396.43
1417469940.00 -1319.79 4006.30 -8368.61 9371.54
1417470000.00 -1410.25 3981.24 -8337.05 9345.88
1417470060.00 -1500.44 3955.42 -8303.91 9319.43
1417470120.00 -1590.35 3928.86 -8269.20 9292.19
1417470180.00 -1679.95 3901.54 -8232.90 9264.17
1417470240.00 -1769.23 3873.47 -8195.00 9235.36
1417470300.00 -1858.16 3844.64 -8155.50 9205.77
1417470360.00 -1946.73 3815.06 -8114.38 9175.38
1417470420.00 -2034.90 3784.71 -8071.65 9144.20
1417470480.00 -2122.67 3753.61 -8027.29 9112.22
1417470540.00 -2210.01 3721.74 -7981.29 9079.45
1417470600.00 -2296.90 3689.10 -7933.65 9045.88
1417470660.00 -2383.31 3655.70 -7884.36 9011.51
1417470720.00 -2469.21 3621.53 -7833.40 8976.34
1417470780.00 -2554.59 3586.59 -7780.78 8940.36
1417470840.00 -2639.43 3550.88 -7726.48 8903.58
1417470900.00 -2723.68 3514.39 -7670.49 8865.99
1417470960.00 -2807.34 3477.13 -7612.80 8827.59
1417471020.00 -2890.37 3439.09 -7553.41 8788.38
1417471080.00 -2972.74 3400.27 -7492.30 8748.35
1417471140.00 -3054.43 3360.67 -7429.47 8707.50
1417471200.00 -3135.41 3320.28 -7364.90 8665.84
1417471260.00 -3215.65 3279.11 -7298.58 8623.36
1417471320.00 -3295.11 3237.16 -7230.51 8580.05
1417471380.00 -3373.78 3194.41 -7160.68 8535.92
1417471440.00 -3451.61 3150.87 -7089.07 8490.97
1417471500.00 -3528.57 3106.55 -7015.67 8445.18
1417471560.00 -3604.63 3061.42 -6940.48 8398.57
1417471620.00 -3679.75 3015.51 -6863.48 8351.12
1417471680.00 -3753.90 2968.79 -6784.67 8302.84
1417471740.00 -3827.04 2921.28 -6704.02 8253.73
1417471800.00 -3899.13 2872.96 -6621.54 8203.78
1417471860.00 -3970.14 2823.85 -6537.21 8152.99
1417471920.00 -4040.02 2773.93 -6451.02 8101.36
1417471980.00 -4108.73 2723.21 -6362.95 8048.89
1417472040.00 -4176.22 2671.69 -6273.01 7995.58
1417472100.00 -4242.46 2619.36 -6181.17 7941.43
1417472160.00 -4307.39 2566.23 -6087.42 7886.43
1417472220.00 -4370.97 2512.28 -5991.77 7830.59
1417472280.00 -4433.15 2457.54 -5894.18 7773.91
1417472340.00 -4493.88 2401.99 -5794.66 7716.38
1417472400.00 -4553.09 2345.63 -5693.20 7658.01
1417472460.00 -4610.75 2288.47 -5589.78 7598.80
1417472520.00 -4666.79 2230.50 -5484.39 7538.74
1417472580.00 -4721.15 2171.73 -5377.03 7477.85
1417472640.00 -4773.77 2112.17 -5267.69 7416.11
1417472700.00 -4824.59 2051.80 -5156.35 7353.54
1417472760.00 -4873.54 1990.64 -5043.01 7290.13
1417472820.00 -4920.55 1928.69 -4927.66 7225.89
1417472880.00 -4965.55 1865.94 -4810.30 7160.82
1417472940.00 -5008.46 1802.42 -4690.92 7094.94
1417473000.00 -5049.22 1738.12 -4569.50 7028.23
1417473060.00 -5087.73 1673.04 -4446.06 6960.71
1417473120.00 -5123.92 1607.20 -4320.58 6892.39
1417473180.00 -5157.69 1540.61 -4193.07 6823.27
1417473240.00 -5188.96 1473.26 -4063.51 6753.37
1417473300.00 -5217.64 1405.18 -3931.92 6682.69
1417473360.00 -5243.61 1336.37 -3798.30 6611.24
1417473420.00 -5266.79 1266.85 -3662.65 6539.04
1417473480.00 -5287.07 1196.63 -3524.97 6466.10
1417473540.00 -5304.33 1125.73 -3385.28 6392.44
1417473600.00 -5318.45 1054.16 -3243.59 6318.07
1417473660.00 -5329.32 981.94 -3099.92 6243.03
1417473720.00 -5336.82 909.11 -2954.27 6167.32
1417473780.00 -5340.80 835.67 -2806.69 6090.98
1417473840.00 -5341.14 761.67 -2657.18 6014.02
1417473900.00 -5337.68 687.12 -2505.79 5936.50
1417473960.00 -5330.29 612.07 -2352.55 5858.42
1417474020.00 -5318.81 536.55 -2197.51 5779.85
1417474080.00 -5303.07 460.59 -2040.70 5700.81
1417474140.00 -5282.92 384.26 -1882.20 5621.35
1417474200.00 -5258.17 307.59 -1722.06 5541.52
1417474260.00 -5228.66 230.64 -1560.37 5461.39
1417474320.00 -5194.18 153.47 -1397.19 5381.01
1417474380.00 -5154.56 76.15 -1232.63 5300.44
1417474440.00 -5109.60 -1.24 -1066.80 5219.78
1417474500.00 -5059.09 -78.64 -899.81 5139.09
1417474560.00 -5002.82 -155.94 -731.81 5058.46
1417474620.00 -4940.58 -233.06 -562.93 4978.01
1417474680.00 -4872.16 -309.89 -393.36 4897.83
1417474740.00 -4797.34 -386.31 -223.28 4818.05
1417474800.00 -4715.90 -462.19 -52.90 4738.79
1417474860.00 -4627.62 -537.40 117.54 4660.20
1417474920.00 -4532.28 -611.79 287.80 4582.43
1417474980.00 -4429.67 -685.20 457.58 4505.65
1417475040.00 -4319.59 -757.45 626.57 4430.04
1417475100.00 -4201.86 -828.36 794.44 4355.79
1417475160.00 -4076.28 -897.71 960.80 4283.12
1417475220.00 -3942.72 -965.31 1125.26 4212.25
1417475280.00 -3801.03 -1030.91 1287.38 4143.42
1417475340.00 -3651.11 -1094.28 1446.69 4076.88
1417475400.00 -3492.91 -1155.16 1602.68 4012.90
1417475460.00 -3326.40 -1213.29 1754.83 3951.76
1417475520.00 -3151.60 -1268.40 1902.59 3893.75
1417475580.00 -2968.61 -1320.20 2045.36 3839.15
1417475640.00 -2777.58 -1368.43 2182.55 3788.28
1417475700.00 -2578.71 -1412.79 2313.55 3741.42
1417475760.00 -2372.29 -1453.02 2437.74 3698.87
1417475820.00 -2158.69 -1488.86 2554.52 3660.91
1417475880.00 -1938.36 -1520.05 2663.30 3627.80
1417475940.00 -1711.81 -1546.37 2763.51 3599.79
1417476000.00 -1479.63 -1567.62 2854.62 3577.09
1417476060.00 -1242.50 -1583.64 2936.16 3559.88
1417476120.00 -1001.14 -1594.29 3007.71 3548.29
1417476180.00 -756.34 -1599.49 3068.93 3542.42
1417476240.00 -508.92 -1599.19 3119.55 3542.32
1417476300.00 -259.73 -1593.39 3159.41 3547.99
1417476360.00 -9.62 -1582.12 3188.41 3559.38
1417476420.00 240.55 -1565.48 3206.55 3576.39
1417476480.00 489.94 -1543.60 3213.92 3598.89
1417476540.00 737.74 -1516.64 3210.68 3626.70
1417476600.00 983.19 -1484.80 3197.09 3659.61
1417476660.00 1225.59 -1448.31 3173.46 3697.37
1417476720.00 1464.29 -1407.41 3140.15 3739.72
1417476780.00 1698.71 -1362.37 3097.58 3786.38
1417476840.00 1928.33 -1313.47 3046.20 3837.06
1417476900.00 2152.72 -1260.98 2986.50 3891.46
1417476960.00 2371.49 -1205.19 2918.98 3949.29
1417477020.00 2584.34 -1146.39 2844.13 4010.25
1417477080.00 2791.03 -1084.84 2762.46 4074.05
1417477140.00 2991.36 -1020.82 2674.47 4140.42
1417477200.00 3185.20 -954.58 2580.66 4209.10
1417477260.00 3372.45 -886.35 2481.49 4279.82
1417477320.00 3553.06 -816.39 2377.43 4352.35
1417477380.00 3727.03 -744.89 2268.91 4426.46
1417477440.00 3894.37 -672.07 2156.34 4501.95
1417477500.00 4055.11 -598.11 2040.12 4578.62
1417477560.00 4209.34 -523.19 1920.61 4656.29
1417477620.00 4357.13 -447.47 1798.16 4734.79
1417477680.00 4498.58 -371.09 1673.09 4813.96
1417477740.00 4633.81 -294.21 1545.71 4893.67
1417477800.00 4762.93 -216.94 1416.29 4973.78
1417477860.00 4886.08 -139.40 1285.09 5054.18
1417477920.00 5003.39 -61.69 1152.36 5134.75
1417477980.00 5114.99 16.09 1018.31 5215.39
1417478040.00 5221.02 93.84 883.16 5296.02
1417478100.00 5321.63 171.50 747.09 5376.55
1417478160.00 5416.96 248.99 610.28 5456.91
1417478220.00 5507.14 326.24 472.89 5537.03
1417478280.00 5592.32 403.19 335.08 5616.84
1417478340.00 5672.63 479.79 196.97 5696.29
